5p6,1S,0,0.00
5p5.5d,2[,0,132770.79
5p5.5d,2[,1,134568.12
5p5.5d,2[,2,137983.14
5p5.5d,2[,4,138931.25
5p5.5d,2[,3,140472.87
5p5.5d,2[,2,142929.99
5p5.5d,2[,3,147066.86
5p5.6s,2[,2,152135.02
5p5.5d,2[,1,153054.62
5p5.6s,2[,1,154494.21
5p5.5d,2[,2,156736.25
5p5.5d,2[,2,159509.20
5p5.5d,2[,3,161109.28
5p5.4f,2[,1,166544.02
5p5.4f,2[,2,168583.77
5p5.6s,2[,0,169297.15
5p5.6s,2[,1,170192.53
5p5.4f,2[,5,171398.38
5p5.4f,2[,3,171728.66
5p5.4f,2[,4,172522.89
5p5.4f,2[,3,175778.09
5p5.6p,2[,1,177593.45
5p5.4f,2[,4,178776.59
5p5.6p,2[,2,179530.58
5p5.5d,2[,1,180026.71
5p5.6p,2[,3,181816.17
5p5.4f,2[,2,182598.59
5p5.6p,2[,1,182722.42
5p5.6p,2[,2,184342.92
5p5.6p,2[,0,187660.61
5p5.4f,2[,3,189195.30
5p5.4f,2[,3,191112.15
5p5.4f,2[,4,192011.93
5p5.4f,2[,2,196410.28
5p5.6p,2[,1,196643.31
5p5.6p,2[,1,199872.92
5p5.6p,2[,2,200608.56
5p5.6p,2[,0,201309.00
5p5.6d,2[,0,216847.43
5p5.6d,2[,1,217420.70
5p5.7s,2[,2,217975.27
5p5.6d,2[,4,218225.00
5p5.6d,2[,3,218422.03
5p5.6d,2[,2,218725.50
5p5.7s,2[,1,218837.25
5p5.6d,2[,2,219262.27
5p5.6d,2[,3,219844.60
5p5.6d,2[,1,222743.50
5p5.5f,2[,1,228167.18
5p5.5f,2[,2,228310.67
5p5.7p,2[,1,228369.60
5p5.5f,2[,5,228724.37
5p5.5f,2[,4,228729.53
5p5.7p,2[,2,229058.57
5p5.5f,2[,3,229106.94
5p5.5f,2[,2,229456.10
5p5.5f,2[,3,229753.55
5p5.5f,2[,4,229896.89
5p5.7p,2[,3,230007.57
5p5.7p,2[,1,230176.70
5p5.7p,2[,2,230671.94
5p5.7p,2[,0,232029.83
5p5.6d,2[,2,235589.63
5p5.7s,2[,0,235676.70
5p5.7s,2[,1,235935.32
5p5.6d,2[,2,236065.63
5p5.6d,2[,3,236423.50
5p5.6d,2[,1,238027.02
5p5.7d,2[,0,245076.98
5p5.8s,2[,2,245326.27
5p5.7d,2[,1,245363.62
5p5.8s,2[,1,245628.92
5p5.7d,2[,4,245668.00
5p5.7d,2[,3,245726.19
5p5.7d,2[,2,245857.62
5p5.7d,2[,2,246121.04
5p5.5f,2[,3,246341.26
5p5.7d,2[,3,246348.73
5p5.5f,2[,3,246467.64
5p5.5f,2[,2,246506.79
5p5.5f,2[,4,246533.65
5p5.7d,2[,1,247635.54
5p5.5g,2[,2,248905.51
5p5.5g,2[,3,248919.93
5p5.5g,2[,6,249006.03
5p5.5g,2[,5,249010.44
5p5.5g,2[,4,249246.21
5p5.5g,2[,3,249254.39
5p5.5g,2[,4,249365.40
5p5.5g,2[,5,249367.45
5p5.6f,2[,4,250253.84
5p5.6f,2[,5,250272.35
5p5.6f,2[,3,250782.93
5p5.6f,2[,4,250844.45
2p5.9s,2[,1,259470
5p5.8d,2[,1,260390
5p5.6g,2[,6,261271.66
5p5.6g,2[,5,261275.46
5p5.6g,2[,4,261478.00
5p5.6g,2[,5,261480.42
5p5.6h,2[,3,261521.23
5p5.6h,2[,4,261521.43
5p5.6h,2[,6,261548.28
5p5.6h,2[,7,261548.31
5p5.6h,2[,5,261628.03
5p5.6h,2[,4,261628.10
5p5.6h,2[,5,261657.59
5p5.6h,2[,6,261657.66
5p5.8s,2[,1,262960
5p5.7d,2[,1,264130
5p5.5g,2[,4,266672.48
5p5.5g,2[,5,266676.18
5p5.5g,2[,4,266682.66
5p5.5g,2[,3,266691.29
2p5.10s,2[,1,267620
5p5.9d,2[,1,268250
2p5.11s,2[,1,272790
5p5.10d,2[,1,273180
2p5.12s,2[,1,276300
5p5.11d,2[,1,276520
2p5.9s,2[,1,276920
5p5.8d,2[,1,277580
2p5.13s,2[,1,278790
5p5.12d,2[,1,279010
2p5.14s,2[,1,280610
5p5.13d,2[,1,280760
2p5.15s,2[,1,281990
5p5.14d,2[,1,282110
2p5.16s,2[,1,283060
5p5.15d,2[,1,283140
2p5.17s,2[,1,283910
5p5.16d,2[,1,283970
2p5.18s,2[,1,284580
5p5.17d,2[,1,284630
2p5.10s,2[,1,285090
2p5.19s,2[,1,285140
5p5.9d,2[,1,285470
2p5.20s,2[,1,285600
5p5.19d,2[,1,285650
5p5.20d,2[,1,286000
2p5.21s,2[,1,286000
5p5.21d,2[,1,286310
2p5.22s,2[,1,286310
5p5.22d,2[,1,286600
2p5.23s,2[,1,286600
Ba IV (5s2.5p5 2P*<3/2>),Li,,289100
2p5.11s,2[,1,290290
5p5.10d,2[,1,290560
2p5.12s,2[,1,293810
5p5.11d,2[,1,294000
2p5.13s,2[,1,296290
5p5.12d,2[,1,296430
2p5.14s,2[,1,298140
5p5.13d,2[,1,298220
2p5.15s,2[,1,299490
5p5.14d,2[,1,299580
5p5.15d,2[,1,300620
2p5.16s,2[,1,300620
5p5.16d,2[,1,301460
2p5.17s,2[,1,301460
Ba IV (5s2.5p5 2P*<1/2>),Li,,306650
