3s2.3p4,3P,2,0
3s2.3p4,3P,0,108424
3s2.3p4,3P,1,728458
3s2.3p4,1D,2,787854
,13,2,1328076
,13,1,1360630
,13,0,1373358
,13,3,1376728
,15,2,1503344
,15,4,1529234
3s2.3p4,1S,0,1556621
,16,3,1672725
,17,1,1705640
,17,2,1741358
,18,1,1850854
,20,0,2007544
,20,2,2011044
,20,1,2012696
,20,3,2054699
,21,4,2114793
,21,3,2175324
,21,2,2185807
,21,4,2191935
,22,0,2225772
,22,1,2227354
,22,4,2260160
,22,5,2284413
,22,3,2295089
,23,2,2304029
,23,1,2321106
,23,2,2383180
,24,1,2403713
,24,3,2429228
,24,2,2450353
,24,1,2488746
,24,3,2493771
,25,0,2514074
,25,2,2553360
,26,1,2671662
,30,0,3001881
,30,1,3020915
,30,4,3030273
,30,2,3042074
,30,3,3046980
,30,2,3072834
,31,3,3126293
,33,1,3369799
Ba XLII (3p3 4S*<3/2>),Li,,24148000
