5p6,1S,0,0.0
5p5.6s,2[,2,107401.5602
5p5.5d,2[,0,107572.0610
5p5.5d,2[,1,107914.1587
5p5.6s,2[,1,110954.3607
5p5.5d,2[,4,112245.5424
5p5.5d,2[,2,112804.3010
5p5.5d,2[,3,113725.7641
5p5.5d,2[,2,115675.5328
5p5.5d,2[,3,118274.5796
5p5.6s,2[,0,122374.8156
5p5.6s,2[,1,122875.4487
5p5.5d,2[,1,123645.5813
5p5.6p,2[,1,126527.5324
5p5.5d,2[,2,126697.9076
5p5.6p,2[,2,128098.9117
5p5.5d,2[,2,128320.1051
5p5.6p,2[,3,129116.7070
5p5.5d,2[,3,129420.3739
5p5.6p,2[,1,129998.9106
5p5.6p,2[,2,130775.1451
5p5.6p,2[,0,133162.6932
5p5.5d,2[,1,139248.8879
5p5.6p,2[,1,141564.8730
5p5.6p,2[,1,143361.3141
5p5.6p,2[,2,143403.4304
5p5.6p,2[,0,144532.3662
5p5.7s,2[,2,149221.3163
5p5.7s,2[,1,149614.3781
5p5.6d,2[,0,151682.3953
5p5.6d,2[,1,152181.1184
5p5.6d,2[,4,152558.4033
5p5.6d,2[,2,152800.4209
5p5.6d,2[,3,152845.2775
5p5.6d,2[,2,153311.2074
5p5.6d,2[,3,153687.1457
5p5.4f,2[,1,155467.9346
5p5.7p,2[,1,155758.1267
5p5.4f,2[,2,155974.6533
5p5.7p,2[,2,156124.4521
5p5.4f,2[,5,156330.4943
5p5.6d,2[,1,156408.4367
5p5.7p,2[,3,156522.3703
5p5.4f,2[,4,156585.7450
5p5.4f,2[,3,156769.1928
5p5.7p,2[,1,156822.8269
5p5.7p,2[,2,157071.2245
5p5.4f,2[,3,157453.8634
5p5.4f,2[,4,157572.1025
5p5.4f,2[,2,157752.7176
5p5.7p,2[,0,158057.4164
5p5.7s,2[,0,163034.0137
5p5.7s,2[,1,163189.3511
5p5.8s,2[,2,164454.0039
5p5.8s,2[,1,164666.0730
5p5.5f,2[,1,165791.5040
5p5.7d,2[,0,165793.4562
5p5.7d,2[,1,165822.9066
5p5.7d,2[,2,165899.3431
5p5.5f,2[,2,166088.6464
5p5.7d,2[,3,166126.9208
5p5.6d,2[,2,166140.2712
5p5.7d,2[,4,166153.9587
5p5.5f,2[,5,166578.7206
5p5.5f,2[,3,166591.8501
5p5.7d,2[,3,166609.7528
5p5.7d,2[,2,166696.0306
5p5.7d,2[,1,166764.4149
5p5.5f,2[,4,166806.1612
5p5.6d,2[,2,166970.7032
5p5.6d,2[,3,167025.1600
5p5.5f,2[,3,167349.9741
5p5.8p,2[,1,167498.8595
5p5.5f,2[,4,167560.5683
5p5.8p,2[,2,167702.7101
5p5.5f,2[,2,167905.3418
5p5.8p,2[,3,167943.5275
5p5.8p,2[,1,168057.8610
5p5.8p,2[,2,168233.8565
5p5.8p,2[,0,168565.0066
5p5.5g,2[,2,169033.9021
5p5.5g,2[,3,169039.6235
5p5.5g,2[,6,169061.7556
5p5.5g,2[,5,169062.0630
5p5.5g,2[,4,169144.3317
5p5.5g,2[,3,169145.0474
5p5.5g,2[,4,169185.4867
5p5.5g,2[,5,169185.5968
5p5.6d,2[,1,169192.5805
5p5.7p,2[,1,169845.8911
5p5.4f,2[,3,170337.0537
5p5.4f,2[,3,170440.3246
5p5.7p,2[,2,170478.1610
5p5.7p,2[,1,170492.1254
5p5.4f,2[,4,170642.1137
5p5.7p,2[,0,170871.7798
5p5.4f,2[,2,170973.7833
5p5.9s,2[,2,171972.9175
5p5.9s,2[,1,172060.0931
5p5.6f,2[,1,172123.6071
5p5.6f,2[,2,172603.8539
5p5.6f,2[,5,172626.5818
5p5.8d,2[,0,172723.4069
5p5.8d,2[,1,172832.9628
5p5.6f,2[,4,172833.3888
5p5.8d,2[,4,172914.6297
5p5.8d,2[,3,172968.1774
5p5.8d,2[,2,172971.1321
5p5.6f,2[,3,172978.1401
5p5.8d,2[,2,173075.3506
5p5.8d,2[,3,173158.2478
5p5.6f,2[,3,173253.7425
5p5.6f,2[,4,173366.2459
5p5.6f,2[,2,173607.2305
5p5.9p,2[,1,173706.787
5p5.9p,2[,2,173810.796
5p5.8d,2[,1,173816.5696
5p5.9p,2[,3,173892.831
5p5.9p,2[,1,173966.585
5p5.9p,2[,2,174049.6148
5p5.9p,2[,0,174312.089
5p5.6g,2[,2,174462.5681
5p5.6g,2[,3,174463.4074
5p5.6g,2[,6,174483.7252
5p5.6g,2[,5,174484.0618
5p5.6g,2[,4,174531.4483
5p5.6g,2[,3,174532.0837
5p5.6h,2[,3,174538.7506
5p5.6h,2[,4,174538.8663
5p5.6h,2[,6,174548.3147
5p5.6h,2[,7,174548.322
5p5.6g,2[,4,174555.2911
5p5.6g,2[,5,174555.3995
5p5.6h,2[,4,174576.2119
5p5.6h,2[,5,174576.2221
5p5.6h,2[,5,174586.6373
5p5.6h,2[,6,174586.6444
5p5.7f,2[,1,176127.4328
5p5.10s,2[,2,176223.4739
5p5.7f,2[,2,176260.6598
5p5.10s,2[,1,176274.9463
5p5.7f,2[,5,176432.0079
5p5.7f,2[,3,176487.509
5p5.7f,2[,4,176538.2356
5p5.9d,2[,0,176690.3472
5p5.9d,2[,1,176742.7319
5p5.7f,2[,3,176784.2846
5p5.9d,2[,4,176804.5476
5p5.9d,2[,2,176824.9052
5p5.9d,2[,3,176830.3772
5p5.9d,2[,2,176895.2448
5p5.7f,2[,4,176901.4718
5p5.9d,2[,3,176948.2651
5p5.7f,2[,2,177108.079
5p5.9d,2[,1,177255.7884
5p5.10p,2[,2,177338.587
5p5.10p,2[,2,177494.098
5p5.7g,2[,2,177737.737
5p5.7g,2[,3,177737.996
5p5.7g,2[,6,177752.2552
5p5.7g,2[,5,177752.5319
5p5.7g,2[,4,177782.1908
5p5.7g,2[,3,177782.6761
5p5.7h,2[,3,177789.0466
5p5.7h,2[,4,177789.1189
5p5.7h,2[,7,177795.1496
5p5.7h,2[,6,177795.152
5p5.7g,2[,4,177797.2403
5p5.7g,2[,5,177797.3274
5p5.7i,2[,4,177804.539
5p5.7i,2[,5,177804.555
5p5.7i,2[,78,177808.040
5p5.7h,2[,4,177812.720
5p5.7h,2[,5,177812.721
5p5.7i,2[,56,177819.214
5p5.7h,2[,5,177819.274
5p5.7h,2[,6,177819.283
5p5.7i,2[,67,177822.575
5p5.8s,2[,0,178301.7795
5p5.8s,2[,1,178374.2662
5p5.8f,2[,1,178739.8932
5p5.8f,2[,2,178774.162
5p5.8f,2[,3,178850.7883
5p5.11s,2[,2,178870.780
5p5.11s,2[,1,178911.554
5p5.8f,2[,5,178931.7741
5p5.8f,2[,4,178981.3633
5p5.8f,2[,3,179115.9215
5p5.10d,2[,0,179182.468
5p5.10d,2[,1,179201.55
5p5.8f,2[,4,179233.4398
5p5.10d,2[,2,179245.7349
5p5.10d,2[,4,179254.768
5p5.10d,2[,3,179263.951
5p5.10d,2[,2,179304.391
5p5.10d,2[,3,179346.5106
5p5.8f,2[,2,179390.434
5p5.10d,2[,1,179465.520
5p5.8g,2[,2,179849.362
5p5.8g,2[,3,179855.722
5p5.8g,2[,6,179872.346
5p5.8g,2[,5,179872.565
5p5.8g,2[,4,179892.261
5p5.8g,2[,3,179892.492
5p5.8h,2[,3,179897.901
5p5.8h,2[,4,179897.993
5p5.8h,2[,7,179902.087
5p5.8h,2[,6,179902.090
5p5.8g,2[,4,179902.411
5p5.8g,2[,5,179902.454
5p5.8i,2[,4,179908.553
5p5.8i,2[,5,179908.570
5p5.8i,2[,78,179911.020
5p5.8h,2[,4,179913.847
5p5.8h,2[,5,179913.854
5p5.8h,2[,5,179918.240
5p5.8h,2[,6,179918.251
5p5.8i,2[,56,179918.481
5p5.7d,2[,2,179998.1882
5p5.7d,2[,2,180091.442
5p5.7d,2[,3,180211.9205
5p5.5f,2[,3,180268.6819
5p5.5f,2[,3,180435.6602
5p5.9f,2[,2,180457.262
5p5.5f,2[,4,180562.513
5p5.7d,2[,1,180611.5
5p5.12s,2[,2,180638.664
5p5.9f,2[,5,180641.725
5p5.12s,2[,1,180659.11
5p5.5f,2[,2,180797.145
5p5.11d,2[,0,180849.74
5p5.11d,2[,1,180898.63
5p5.11d,2[,4,180899.507
5p5.11d,2[,3,180918.280
5p5.11d,2[,2,180928.695
5p5.9f,2[,3,180944.40
5p5.11d,2[,3,180963.258
5p5.9f,2[,3,181030.767
5p5.9f,2[,4,181035.005
5p5.11d,2[,1,181290.0
5p5.9g,2[,2,181319.566
5p5.9g,2[,3,181320.636
5p5.9g,2[,6,181324.881
5p5.9g,2[,5,181325.07
5p5.9g,2[,4,181338.593
5p5.9g,2[,3,181339.030
5p5.9g,2[,4,181345.855
5p5.9g,2[,5,181345.935
5p5.8p,2[,1,181346.322
5p5.10f,2[,5,181855.418
5p5.13s,2[,2,181868.025
5p5.13s,2[,1,181883.937
5p5.8p,2[,1,181912.829
5p5.10f,2[,3,181963.506
5p5.10f,2[,3,182000.374
5p5.10f,2[,4,182025.099
5p5.12d,2[,1,182044.635
5p5.12d,2[,4,182057.549
5p5.12d,2[,3,182067.386
5p5.12d,2[,2,182070.263
5p5.12d,2[,2,182087.50
5p5.12d,2[,3,182102.865
5p5.12d,2[,1,182248.4
5p5.10g,2[,2,182358.865
5p5.10g,2[,3,182359.299
5p5.10g,2[,6,182363.118
5p5.10g,2[,5,182363.25
5p5.10g,2[,4,182372.706
5p5.10g,2[,3,182373.00
5p5.10g,2[,4,182378.046
5p5.10g,2[,5,182378.16
5p5.14s,2[,2,182762.784
5p5.14s,2[,1,182770.9
5p5.13d,2[,1,182892.156
5p5.13d,2[,4,182903.716
5p5.13d,2[,3,182909.774
5p5.13d,2[,3,182936.556
5p5.5g,2[,4,182950.039
5p5.5g,2[,5,182950.259
5p5.5g,2[,4,182954.407
5p5.5g,2[,3,182956.200
5p5.13d,2[,1,183030.6
5p5.11g,2[,2,183127.50
5p5.11g,2[,3,183127.87
5p5.11g,2[,6,183130.837
5p5.11g,2[,5,183131.01
5p5.11g,2[,4,183142.893
5p5.15s,2[,1,183438.0
5p5.14d,2[,4,183541.197
5p5.14d,2[,3,183566.638
5p5.14d,2[,1,183630.5
5p5.16s,2[,1,183951.3
5p5.15d,2[,1,184028.5
5p5.15d,2[,4,184033.15
5p5.15d,2[,1,184099.0
5p5.17s,2[,1,184353.5
5p5.16d,2[,1,184420.9
5p5.16d,2[,1,184470.9
5p5.18s,2[,1,184678.3
5p5.17d,2[,1,184771.5
5p5.18d,2[,1,185018.2
5p5.19d,2[,1,185221.0
5p5.9s,2[,1,185845.6
Cs III (5s2.5p5 2P*<3/2>),Li,,186777.4
5p5.8d,2[,1,187171
5p5.10s,2[,1,190083.0
5p5.9d,2[,1,190909
5p5.11s,2[,1,192729.5
5p5.10d,2[,1,193257
5p5.12s,2[,1,194490.0
5p5.11d,2[,1,194869
5p5.13s,2[,1,195719.9
5p5.12d,2[,1,195992
5p5.13d,2[,1,196817
5p5.15s,2[,1,197282.8
5p5.14d,2[,1,197410
