3s2.3p2,3P,0,0
3s2.3p2,65,1,651310
3s2.3p2,70,2,705963
3s2.3p2,13,2,1393826
3s.3p3,15,2,1505223
3s2.3p2,15,0,1510801
3s.3p3,16,1,1671982
3s.3p3,18,2,1870337
3s.3p3,20,2,2039333
3s.3p3,20,3,2093970
3s.3p3,20,1,2097928
3s2.3p.3d,22,2,2234515
3s2.3p.3d,22,3,2267218
3s.3p3,23,0,2308995
3s.3p3,23,1,2377182
3s2.3p.3d,24,2,2407601
3s.3p3,24,1,2467575
3s2.3p.3d,27,2,2743019
3s2.3p.3d,27,3,2743568
3s2.3p.3d,27,1,2744936
3s2.3p.3d,27,2,2753039
3s2.3p.3d,27,0,2755587
3s2.3p.3d,27,4,2756367
3s2.3p.3d,29,3,2967854
3s2.3p.3d,29,1,2997930
3s.3p3,31,2,3111013
3s2.3p.3d,32,1,3264150
Cs XLIII (3p 2P*<1/2>),Li,,25148000
