3s2.3p4,3P,2,0
3s2.3p4,3P,0,105592
3s2.3p4,3P,1,667511
3s2.3p4,1D,2,725827
,12,2,1296255
,13,1,1326309
,13,0,1340353
,13,3,1343476
3s2.3p4,1S,0,1432797
,14,2,1447593
,14,4,1482657
,16,3,1622125
,16,1,1647344
,16,2,1662789
,17,1,1768116
,19,0,1916285
,19,2,1920654
,19,1,1922144
,19,3,1962834
,20,4,2022168
,20,3,2070605
,20,4,2087741
,20,2,2091316
,21,0,2110450
,21,1,2116915
,21,4,2153647
,21,5,2177575
,22,3,2200527
,22,2,2207375
,22,1,2221265
,22,2,2273835
,23,1,2300586
,23,3,2318932
,23,2,2339197
,23,0,2375488
,23,1,2379927
,23,3,2380891
,24,2,2442576
,25,1,2531637
,28,0,2845790
,28,4,2862592
,28,1,2864457
,28,2,2878022
,28,3,2892803
,29,2,2912936
,29,3,2956608
,31,1,3196623
Cs XLI (3p3 4S*<3/2>),Li,,23059000
