4f7.6s,a ,4,0.00
4f7.6s,a ,3,1669.21
4f7.5d,a ,2,9923.00
4f7.5d,a ,3,10081.65
4f7.5d,a ,4,10312.82
4f7.5d,a ,5,10643.48
4f7.5d,a ,6,11128.22
4f7.5d,a ,5,16860.72
4f7.5d,a ,4,17004.06
4f7.5d,a ,3,17140.87
4f7.5d,a ,2,17247.67
4f7.5d,a ,1,17324.66
4f7.6p<1/2>,(7,3,23774.28
4f7.6p<1/2>,(7,4,24207.86
4f7.6p<3/2>,(7,5,26172.83
4f7.6p<3/2>,(7,4,26838.50
4f7.6p<3/2>,(7,3,27104.07
4f7.6p<3/2>,(7,2,27256.35
4f6.5d 6s,z ,2,30189.31
4f6.5d 6s,z ,3,31500.82
4f6.5d 6s,z ,4,32486.10
4f6.5d 6s,z ,5,33420.20
,10,4,33779.95
,10,3,33919.70
,10,2,33944.49
4f6.5d 6s,y ,3,34393.57
,10,3,34546.10
,10,4,34617.73
4f6.5d 6s,z ,6,34764.97
,10,3,34923.43
,10,4,35045.98
,10,3,35440.88
4f6.5d 6s,y ,4,35527.02
,10,3,35567.74
,z ,2,35846.96
,11,4,35935.81
,11,4,36428.89
4f6.5d2.(3F),x ,3,36628.00
4f6.5d 6s,y ,5,36648.95
,11,3,36821.20
,11,4,36954.00
,11,5,37000.00
,11,2,37003.23
,z ,4,37010.70
,z ,3,37167.90
4f6.5d2.(3F),x ,4,37223.78
4f6.5d2?,y ,2,37336.83
,11,6,37583.63
,11,3,37605.51
,11,3 or 4,37622.87
,11,2,37799.89
4f6.5d2.(3F),x ,5,37849.34
,12,5,37932.19
,12,4,37993.64
,12,4,38058.03
,x ,2,38146.44
,12,3,38295.89
,x ,3,38463.66
,12,1,38582.08
,12,7,38725.32
,12,5,38784.47
4f6.5d2?,y ,3,38804.98
,12,4,38995.52
,12,2,39099.43
4f6.5d2?,y ,4,39134.72
,x ,4,39554.43
,12,6,39601.80
,13,3,39767.55
,13,6,40316.92
,13,4,40870.72
,13,6,41099.11
,13,5,41223.24
,13,4,41438.13
,13,4,41666.81
,13,4,41714.84
,13,2,42391.03
,y ,2,42438.56
,13,4,42710.14
,14,3 or 4,42939.45
,y ,3,43193.46
,14,4 or 5,43461.07
,14,5,43643.12
,y ,4,44075.84
,14,5,44947.15
,y ,5,45126.78
,y ,6,46029.14
,14,4,46032.03
,14,4,46584.45
,14,2,48171.51
,14,1 or 2,48180.68
,14,5,48378.03
,14,2,48522.28
,15,3,48536.61
,15,4,48872.85
,15,3,48910.95
,15,4 or 5,49003.10
,15,2,49043.00
4f7.7s,e ,4,49128.03
,15,2,49254.68
,15,3,49480.46
4f7.7s,e ,3,49646.62
,15,2,49720.89
,15,1,50947.46
4f6.5d.6p?,e ,5,52963.40
4f6.5d.6p?,e ,4,53150.34
4f6.5d.6p?,e ,3,53490.44
,1*,4,53783.01
4f6.5d.6p?,e ,2,53861.26
4f7.6d,e ,2,54273.98
4f7.6d,e ,4,54295.02
4f7.6d,e ,3,54320.69
4f7.6d,e ,4,54380.30
4f7.6d,e ,5,54428.76
4f7.6d,e ,1,54435.41
4f7.6d,e ,5,54484.27
4f7.6d,e ,2,54490.63
4f7.6d,e ,6,54565.04
4f7.6d,e ,3,54589.10
,2*,3 or 4,54600.07
,3*,3,55156.18
,4*,3,55193.08
,5*,3,55559.02
4f8?,z ,6,55651.82
,15,2,55693.94
,16,2,55807.25
4f8?,z ,3,55967.88
4f8?,z ,0,55986.45
4f8?,z ,5,55991.33
4f8?,z ,4,56067.39
,6*,3 or 4,56158.66
,16,3,56229.17
4f8?,z ,1,56245.61
,f ,5,56271.40
,f ,4,56293.33
,f ,3,56309.21
,f ,1,56310.89
,f ,2,56321.27
,7*,2 or 3,56421.62
4f8?,z ,2,56571.04
,8*,5,56781.20
,9*,3 or 4,57127.26
,10,4,57270.14
,11,3 or 4,57360.05
,16,1 or 2,57363.68
,16,3,57388.87
,16,2 or 3,57415.06
,16,3 or 4,57634.02
,16,2,58920.64
,12,3,59045.49
,16,1,59145.26
,16,2,59334.70
,16,4 or 5,59343.45
,13,3,59765.77
,17,3 or 4,59995.34
4f7.8s,f ,4,66598.00
4f7.8s,f ,3,66836.16
Eu III (4f7.5s2.5p6 8S*<7/2>),Li,,90665
