4f14,1S,0,0.0
4f13.5d<3/2>,(7,2,90432.9
4f13.5d<3/2>,(7,5,94768.1
4f13.5d<3/2>,(7,3,97333.6
4f13.5d<5/2>,(7,6,98239.3
4f13.5d<5/2>,(7,1,98505.0
4f13.5d<3/2>,(7,4,98558.5
4f13.5d<5/2>,(7,2,99660.0
4f13.5d<5/2>,(7,4,102216.6
4f13.5d<5/2>,(7,3,103070.4
4f13.5d<5/2>,(7,5,103798.7
4f13.5d<5/2>,(5,0,105148.7
4f13.5d<3/2>,(5,4,106380.6
4f13.5d<3/2>,(5,2,107986.6
4f13.5d<5/2>,(5,1,110858.0
4f13.5d<5/2>,(5,5,111377.8
4f13.5d<3/2>,(5,3,111812.3
4f13.5d<5/2>,(5,2,112632.5
4f13.5d<3/2>,(5,1,114049.4
4f13.5d<5/2>,(5,3,114632.8
4f13.5d<5/2>,(5,4,115468.5
4f13.6s<1/2>,(7,4,116798.2
4f13.6s<1/2>,(7,3,117312.0
4f13.6s<1/2>,(5,2,128573.3
4f13.6s<1/2>,(5,3,128929.0
4f13.6p<1/2>,(7,3,164302.3
4f13.6p<1/2>,(7,4,164728.5
4f13.6p<3/2>,(7,5,173213.6
4f13.6p<3/2>,(7,2,173414.4
4f13.6p<3/2>,(7,3,174143.2
4f13.6p<3/2>,(7,4,174889.9
4f13.6p<1/2>,(5,3,176355.6
4f13.6p<1/2>,(5,2,176841.6
4f13.6p<3/2>,(5,1,184205.5
4f13.6p<3/2>,(5,4,185359.8
4f13.6p<3/2>,(5,2,185987.0
4f13.6p<3/2>,(5,3,186539.6
4f13.6d<3/2>,(7,2,235663.7
4f13.6d<3/2>,(7,5,236667.1
4f13.7s<1/2>,(7,4,237025.4
4f13.7s<1/2>,(7,3,237106.7
4f13.6d<3/2>,(7,3,237215.3
4f13.6d<3/2>,(7,4,237436.9
4f13.6d<5/2>,(7,6,237663.7
4f13.6d<5/2>,(7,2,237946.8
4f13.6d<5/2>,(7,4,238501.1
4f13.6d<5/2>,(7,3,238740.5
4f13.6d<5/2>,(7,5,238907.7
4f13.6d<3/2>,(5,4,248305.8
4f13.6d<3/2>,(5,2,248620.5
4f13.7s<1/2>,(5,2,248900.6
4f13.7s<1/2>,(5,3,248965.9
4f13.6d<3/2>,(5,1,249510.0
4f13.6d<3/2>,(5,3,249682.5
4f13.6d<5/2>,(5,5,249719.0
4f13.6d<5/2>,(5,2,249954.0
4f13.6d<5/2>,(5,4,250789.5
Lu V (4f13.5p6 2F*<7/2>),Li,,364960
