4s2.4p6,1S,0,0.0
4s2.4p5.4d,2[,0,302343.7
4s2.4p5.4d,2[,1,305558.9
4s2.4p5.4d,2[,2,312048.4
4s2.4p5.4d,2[,4,315491.8
4s2.4p5.4d,2[,3,318103.9
4s2.4p5.4d,2[,2,322896.0
4s2.4p5.4d,2[,3,333618.9
4s2.4p5.4d,2[,2,341503.8
4s2.4p5.4d,2[,1,341713.0
4s2.4p5.4d,2[,2,347433.4
4s2.4p5.4d,2[,3,351126.6
4s2.4p5.4d,2[,1,417528.6
4s2.4p5.5s,2[,2,477767.89
4s2.4p5.5s,2[,1,481295.99
4s2.4p5.5s,2[,0,500618.75
4s2.4p5.5s,2[,1,502933.27
4s2.4p5.5p,2[,1,542265.29
4s.4p6.4d,3D,1,544663.1
4s.4p6.4d,3D,2,545906.83
4s2.4p5.5p,2[,2,548077.57
4s.4p6.4d,3D,3,548120.43
4s2.4p5.5p,2[,3,552329.97
4s2.4p5.5p,2[,1,554401.01
4s2.4p5.5p,2[,2,557437.49
4s.4p6.4d,1D,2,563567.72
4s2.4p5.5p,2[,0,565803.85
4s2.4p5.5p,2[,1,570658.75
4s2.4p5.5p,2[,2,577644.10
4s2.4p5.5p,2[,1,577765.90
4s2.4p5.5p,2[,0,585026.11
4s2.4p4.4d2.(3F),5D,2,609898.9
4s2.4p5.4f,2[,5,610564.98
4s2.4p5.4f,2[,4,610908.23
4s2.4p4.4d2.(3F),5F,4,611395.8
4s2.4p5.4f,2[,1,611727.25
4s2.4p5.4f,2[,2,613593.09
4s2.4p5.4f,2[,3,615203.92
4s2.4p5.4f,2[,3,615725.35
4s2.4p5.4f,2[,4,616148.25
4s2.4p5.4f,2[,2,624603.86
4s2.4p5.4f,2[,3,633788.9
4s2.4p5.4f,2[,4,635262.4
4s2.4p5.4f,2[,3,635910.5
4s2.4p5.4f,2[,2,645811.86
4s2.4p4.4d2.(3F),5D,4,648282.6
4s2.4p5.5d,2[,0,657602.91
4s2.4p5.5d,2[,1,659015.62
4s2.4p5.5d,2[,4,661488.47
4s2.4p5.5d,2[,2,661678.46
4s2.4p5.5d,2[,3,661683.19
4s2.4p5.5d,2[,2,664362.66
4s2.4p5.5d,2[,3,665713.78
4s2.4p5.5d,2[,1,669063.09
4s2.4p5.5d,2[,2,684805.34
4s2.4p5.5d,2[,2,686113.49
4s2.4p5.5d,2[,3,686635.0
4s2.4p5.5d,2[,1,689784.69
4s2.4p5.6s,2[,2,708843.6
4s2.4p5.6s,2[,1,710068.9
4s2.4p5.6s,2[,0,731864.9
4s2.4p5.6s,2[,1,732582.5
4s2.4p5.5f,2[,1,771708.2
4s2.4p5.5f,2[,2,773033.3
4s2.4p5.5f,2[,5,774110.0
4s2.4p5.5f,2[,4,775406.0
4s2.4p5.5f,2[,3,775781.0
4s2.4p5.5f,2[,2,776649.6
4s2.4p5.5f,2[,3,777161.1
4s2.4p5.5f,2[,4,779373.6
4s.4p6.5p,3P,1,780390
4s.4p6.5p,1P,1,789696
4s2.4p5.5g,2[,2,793700.5
4s2.4p5.5g,2[,3,793909.1
4s2.4p5.5g,2[,6,794550.2
4s2.4p5.5g,2[,5,794669.8
4s2.4p5.5f,2[,2,794751.2
4s2.4p5.6d,3D,1,795532
4s2.4p5.5g,2[,4,795665.2
4s2.4p5.5g,2[,3,795918.6
4s2.4p5.5g,2[,4,796389.5
4s2.4p5.5g,2[,5,796442.6
4s2.4p5.5f,2[,3,797800.5
4s2.4p5.5f,2[,3,797995.4
4s2.4p5.5f,2[,4,800199.7
4s2.4p5.7s,2[,1,816413
4s2.4p5.5g,2[,4,818278.1
4s2.4p5.5g,2[,4,818504.1
4s2.4p5.5g,2[,3,818583.4
4s2.4p5.5g,2[,5,818597.8
4s2.4p5.7s,2[,1,839342
4s2.4p5.8s,2[,1,874998
4s2.4p5.8s,2[,1,898093
4s2.4p5.9s,2[,1,910830
4s2.4p5.10s,2[,1,934536
Mo VIII (4p5 2P*<3/2>),Li,,1013340
