5d6.6s2,a ,4,0.00
5d6.6s2,a ,2,2740.49
5d6.6s2,a ,3,4159.32
5d7.6s,a ,5,5143.92
5d6.6s2,a ,1,5766.14
5d6.6s2,a ,0,6092.79
5d7.6s,a ,4,8742.83
5d7.6s,a ,2,10165.98
5d7.6s,a ,4,11030.58
5d7.6s,a ,3,11378.00
5d7.6s,a ,2,12774.38
5d7.6s,a ,1,13020.07
,13,2,13364.83
5d7.6s,a ,3,14091.37
5d6.6s2,a ,5,14338.99
5d6.6s2,a ,4,14848.05
5d6.6s2,a ,6,14852.33
,15,2,15222.57
5d7.6s,a ,3,15390.76
,16,1,16212.41
,17,1,17667.34
5d7.6s,a ,0,18301.40
,18,3,18901.94
,19,0,19048.91
,19,4,19108.87
,19,2,19410.66
,19,4,19893.07
,21,1,21033.45
,21,3,21123.66
,21,2,21303.36
,22,1,22563.65
5d6.6s.6p,z ,4,22615.69
,23,2,23317.60
,23,4,23322.66
5d6.6s.6p,z ,5,23462.90
,23,3,23984.58
,24,5,24291.97
5d6.6s.6p,z ,3,25012.93
,25,2,25069.71
5d6.6s.6p,z ,2,25275.42
,25,3,25593.94
,25,4,25601.55
,27,2,27954.32
,28,3,28139.52
5d6.6s.6p,z ,4,28331.77
5d6.6s.6p,z ,3,28371.68
,28,2,28411.95
,28,2,28609.97
5d6.6s.6p,z ,6,29099.41
,29,3,29381.65
,29,4,29394.30
,30,2,30056.79
,30,2,30078.28
,30,5,30279.95
,30,1,30524.92
,30,4,30591.45
,32,2,32457.44
,32,4,32684.61
,33,3,33124.48
,34,3,34125.40
,34,5,34365.33
,34,4,34803.82
,35,2,35090.50
,35,3,35615.92
,35,1,35919.55
,36,2,36345.81
,36,2,36634.54
,36,3,36806.27
,36,5,36817.94
,36,4,36826.39
,36,1,36979.51
,37,3,37808.58
,37,4,37908.77
,37,2,37921.71
,38,4,38130.09
,38,1,38244.20
,38,3,38264.16
,38,2,38330.75
,38,3,38486.01
,38,1,38613.44
,38,2,38741.19
,38,1,38875.97
,39,3,39382.95
,39,5,39406.98
,39,2,39493.80
,39,2,39674.89
,40,4,40087.01
,40,6,40290.44
,40,4,40361.92
,40,1,40497.48
,40,2,40888.05
,41,6,41023.22
,41,5,41225.02
,41,3,41231.98
,41,4,41725.58
,41,3,41875.93
,42,1,42299.83
,42,4,42310.25
,42,3,42316.68
,42,1,42422.36
,42,0,42582.75
,42,2,42658.36
,42,4,42746.57
,43,3,43011.56
,43,5,43401.82
,43,2,43437.13
,43,3,43515.75
,43,2,43610.81
,43,4,43754.64
,43,4,43863.69
,43,5,43876.12
,44,2,44075.34
,44,3,44144.14
,44,1,44474.88
,44,2,44662.97
,44,1,44729.93
,44,6,44839.09
,44,3,44869.71
,44,4,44892.67
,44,5,44921.12
,45,6,45315.88
,45,4,45388.69
,45,2,45503.45
,45,3,45561.99
,45,5,45758.63
,45,3,45774.55
,46,2,46169.54
,46,1,46202.36
,46,4,46263.46
,46,3,46327.99
,46,2,46406.90
,46,1,46515.45
,46,3,46776.29
,46,2,46812.87
,46,1 or 2,46947.12
,47,3,47057.29
,47,4,47158.48
5d6.6s.7s,e ,5,47198.73
,47,5,47200.25
,47,1,47477.05
,47,2,47539.58
,47,3,47614.64
,47,3,47827.68
,47,3,47845.24
,47,4,47853.53
,47,2,47934.89
,47,3,47957.97
,48,4,48131.92
,48,3,48302.56
,48,1,48338.08
,48,1,48409.32
,48,4,48525.87
,48,1,48546.45
5d6.6s.7s,e ,4,48737.44
,48,4,48756.10
,48,2,48773.49
,48,3,48874.93
,48,2,48999.56
,49,1,49053.60
,49,2,49112.10
,49,3,49138.11
,49,3,49202.03
,49,3,49461.19
,49,4,49481.99
,49,5,49534.28
,49,2,49614.84
,49,3,49680.45
,49,2,49872.57
,49,3,49903.54
,49,3,49947.06
,50,1,50007.36
,50,3,50153.57
,50,4,50274.91
,50,4,50293.56
,50,2,50311.71
,50,3,50329.97
,50,5,50377.19
,50,3,50453.80
,50,4,50503.53
,50,3,50530.59
,50,1,50589.89
,50,6,50630.26
,50,1,50670.83
,50,5,50902.87
,50,4,50937.24
,50,2,50989.77
5d6.6s.7s,e ,4,51038.49
,51,3,51042.76
5d6.6s.7s,e ,3,51138.13
,51,0,51166.38
,51,1,51217.74
,51,3,51228.63
,51,2,51311.24
,51,4,51329.30
,51,2,51545.88
,51,2,51655.94
,51,3,51758.65
,52,6,52042.60
,52,3,52138.11
5d6.6s.7s,e ,2,52148.69
,52,2,52162.03
,52,2,52337.78
,52,1,52374.93
5d6.6s.7s,e ,3,52401.81
,52,4,52490.56
,52,3,52563.81
,52,3,52604.13
,52,3,52677.58
,52,4,52715.84
,52,6,52801.90
,52,3,52937.60
,53,2,53073.24
,53,4,53131.25
,53,3,53338.22
,53,2,53424.05
,53,4,53447.29
,53,1,53454.11
,53,6,53572.09
,53,2,53594.54
,53,2,53647.07
,53,3,53758.43
,53,3,53886.85
,54,2,54049.89
,54,2,54064.40
,54,1,54302.45
,54,6,54328.11
,54,1,54484.27
,54,3,54676.96
,54,2,54753.20
,54,1,54800.46
,54,1 or 2,54847.38
,54,2,54867.69
,55,3,55388.87
,55,5,55402.47
,55,4,55419.00
,56,2,56092.46
,56,5,56222.41
,56,4,56729.16
,57,1,57122.30
,57,3,57334.23
,57,3,57826.90
,58,4,58098.19
,58,3,58688.20
,58,4,58768.76
,58,3,58905.20
,58,3,58957.24
,59,3,59074.97
,59,2,59105.95
,59,2,59142.16
,59,2,59170.43
,59,2,59229.84
,59,3,59282.85
,59,3,59556.04
,59,3,59582.97
,59,2,59602.19
,59,3,59750.04
,60,4,60649.49
Os II (5d6.6s 6D<9/2>),Li,,68058.9
