4p6,1S,0,0.000
4p5.5s,2[,2,133341.607
4p5.5s,2[,1,134869.751
4p5.5s,2[,0,138794.380
4p5.5s,2[,1,140610.047
4p5.4d,3P,0,143022.335
4p5.4d,3P,1,143461.977
4p5.4d,3P,2,143955.871
4p5.4d,3F,4,145276.118
4p5.4d,3F,3,146832.593
4p5.4d,3F,2,148686.714
4p5.4d,3D,3,151877.03
4p5.5p,2[,1,154273.980
4p5.4d,1D,2,155063.53
4p5.4d,3D,1,155308.820
4p5.4d,3D,2,156561.61
4p5.5p,2[,2,156737.011
4p5.5p,2[,3,156895.486
4p5.4d,1F,3,157136.88
4p5.5p,2[,1,158151.666
4p5.5p,2[,2,158711.854
4p5.5p,2[,0,161200.171
4p5.5p,2[,1,163924.55
4p5.5p,2[,2,164968.007
4p5.5p,2[,1,165089.580
4p5.5p,2[,0,167632.436
4p5.4d,1P,1,169658.536
4p5.6s,2[,2,179735.123
4p5.6s,2[,1,180168.372
4p5.5d,2[,0,183737.59
4p5.5d,2[,1,184200.524
4p5.5d,2[,4,184660.39
4p5.5d,2[,2,184836.897
4p5.5d,2[,3,185126.778
4p5.5d,2[,2,185617.909
4p5.5d,2[,3,186006.150
4p5.6p,2[,1,186978.932
4p5.6s,2[,0,187140.03
4p5.6s,2[,1,187335.72
4p5.6p,2[,2,187610.704
4p5.6p,2[,3,187671.267
4p5.6p,2[,1,188095.292
4p5.6p,2[,2,188282.884
4p5.5d,2[,1,188617.702
4p5.6p,2[,0,189365.923
4p5.4f,2[,1,191720.748
4p5.4f,2[,2,191780.993
4p5.4f,2[,5,191906.93
4p5.4f,2[,4,191922.912
4p5.4f,2[,3,192111.172
4p5.4f,2[,2,192174.269
4p5.5d,2[,2,192232.61
4p5.4f,2[,3,192308.877
4p5.4f,2[,4,192314.573
4p5.5d,2[,2,192375.84
4p5.5d,2[,3,192733.21
4p5.5d,2[,1,194830.71
4p5.6p,2[,1,195156.85
4p5.6p,2[,2,195253.15
4p5.7s,2[,2,196499.50
4p5.7s,2[,1,196682.28
4p5.6d,2[,0,198438.786
4p5.6d,2[,1,198691.823
4p5.6d,2[,4,198805.460
4p5.6d,2[,2,198948.332
4p5.6d,2[,3,199019.641
4p5.6d,2[,2,199220.994
4p5.6d,2[,3,199364.147
4p5.4f,2[,3,199404.52
4p5.4f,2[,3,199411.62
4p5.4f,2[,4,199420.37
4p5.4f,2[,2,199466.033
4p5.6d,2[,1,201033.495
4p5.5f,2[,1,201978.638
4p5.5f,2[,2,202026.405
4p5.5f,2[,5,202078.24
4p5.5f,2[,4,202091.132
4p5.5f,2[,3,202201.982
4p5.5f,2[,2,202246.199
4p5.5f,2[,3,202296.426
4p5.5f,2[,4,202300.847
4p5.5g,2[,2,202425.746
4p5.5g,2[,3,202426.161
4p5.5g,2[,5,202453.30
4p5.5g,2[,6,202453.32
4p5.5g,2[,4,202510.911
4p5.5g,2[,3,202511.06
4p5.5g,2[,4,202540.774
4p5.5g,2[,5,202540.840
4p5.7s,2[,0,203859.54
4p5.7s,2[,1,203938.09
4p5.8s,2[,2,204582.161
4p5.8s,2[,1,204693.695
4p5.6d,2[,2,205680.350
4p5.6d,2[,2,205735.373
4p5.7d,2[,4,205845.937
4p5.6d,2[,3,205887.739
4p5.7d,2[,3,205964.962
4p5.7d,2[,3,206133.811
4p5.6f,2[,1,207433.02
4p5.6f,2[,2,207532.87
4p5.6f,2[,5,207615.57
4p5.6f,2[,4,207624.43
4p5.6f,2[,3,207670.37
4p5.6f,2[,2,207688.72
4p5.6f,2[,3,207736.17
4p5.6f,2[,4,207739.71
4p5.6g,2[,2,207837.82
4p5.6g,2[,3,207838.673
4p5.6d,2[,1,207849.35
4p5.6g,2[,5,207852.99
4p5.6g,2[,6,207853.00
4p5.6g,2[,4,207885.562
4p5.6g,2[,3,207885.759
4p5.6g,2[,4,207903.128
4p5.6g,2[,5,207903.183
4p5.9s,2[,2,209121.874
4p5.9s,2[,1,209177.91
4p5.5f,2[,3,209518.46
4p5.5f,2[,3,209522.64
4p5.5f,2[,4,209529.68
4p5.5f,2[,2,209565.57
4p5.5g,2[,4,209858.79
4p5.5g,2[,5,209858.92
4p5.5g,2[,4,209859.91
4p5.5g,2[,3,209860.375
4p5.8d,2[,4,209883.87
4p5.8d,2[,3,209945.847
4p5.8d,2[,3,210054.124
4p5.8d,2[,1,210581.8
4p5.7f,2[,5,210950.62
4p5.7f,2[,4,210956.96
4p5.7f,2[,3,210996.25
4p5.7f,2[,2,211018.29
4p5.7f,2[,3,211031.37
4p5.7f,2[,4,211033.62
4p5.7g,2[,2,211097.79
4p5.7g,2[,3,211098.10
4p5.7g,2[,5,211107.81
4p5.7g,2[,6,211107.81
4p5.7g,2[,4,211129.392
4p5.7g,2[,3,211129.509
4p5.7g,2[,4,211139.95
4p5.7g,2[,5,211139.98
4p5.9d,2[,4,212415.88
4p5.9d,2[,3,212447.48
4p5.8f,2[,4,213115.12
4p5.8f,2[,2,213154.95
4p5.8f,2[,3,213162.90
4p5.8f,2[,4,213164.59
4p5.8g,2[,5,213219.39
4p5.8g,2[,6,213219.39
4p5.8g,2[,4,213233.34
4p5.8g,2[,3,213233.39
4p5.7d,2[,1,214522.4
4p5.9f,2[,3,214622.34
4p5.9f,2[,4,214623.65
4p5.6f,2[,3,215030.17
4p5.6f,2[,3,215032.18
4p5.6f,2[,4,215036.94
4p5.6f,2[,2,215061.54
4p5.6g,2[,4,215245.42
4p5.6g,2[,5,215245.54
4p5.6g,2[,3,215246.60
4p5.6g,2[,4,215246.61
Rb III (4p5 2P*<3/2>),Li,,220105.0
