5d5.6s,a ,3,0.0
5d4.6s2,a ,0,13777.3
5d4.6s2,a ,2,14352.2
5d4.6s2,a ,1,14824.0
5d4.6s2,a ,4,14882.6
5d4.6s2,a ,3,14930.5
5d5.6s,a ,2,17223.5
5d5.6s,a ,2,18845.8
5d5.6s,a ,3,19139.7
5d5.6s,a ,4,20463.2
5d5.6s,a ,5,20976.4
5d5.6s,a ,3,21629.1
5d5.6s,a ,6,22031.1
,22,2,22544.7
,23,1,23146.2
5d5.6s,a ,2,23340.8
,23,5,23381.2
5d5.6s,a ,1,23722.4
,23,4,23893.5
,24,3,24763.1
5d5.6s,a ,3,25321.2
5d5.6s,a ,5,25987.5
5d5.6s,a ,4,26237.3
,26,1,26664.3
,26,2,26767.6
,27,3,27627.7
,27,3,27746.0
,28,4,28095.3
,29,2,29077.3
,29,1,29427.2
,29,4,29638.9
,29,2,29728.1
,29,0,29773.2
,30,3,30224.8
,30,3,30717.5
,30,4,30982.5
,31,2,31012.8
,32,4,32206.5
,32,3,32257.8
,32,5,32344.7
,32,2,32875.8
,32,4,32957.3
,33,4,33169.3
,33,3,33989.8
,34,2,34937.2
,36,5,36063.5
,36,3,36993.4
,37,3,37318.5
,37,2,37382.0
5d5.6p,z ,2,43937.7
5d5.6p,z ,3,45147.5
5d5.6p,z ,1,49439.3
5d5.6p,z ,4,50680.9
5d5.6p,z ,2,52677.0
5d5.6p,z ,3,53802.1
5d5.6p,z ,0,54468.0
5d5.6p,y ,2,55059.2
5d5.6p,y ,1,55150.8
5d5.6p,z ,2,55444.0
5d5.6p,z ,1,56372.1
5d5.6p,z ,3,57050.2
5d5.6p,z ,2,57138.6
5d5.6p,z ,3,57429.4
5d5.6p,z ,4,59281.8
5d5.6p,z ,3,59329.9
5d5.6p,z ,2,59388.3
5d5.6p,z ,4,59596.1
,59,3,59665.8
,60,1,60487.2
,60,3,60525.0
5d5.6p,z ,5,60926.8
,62,2,62057.3
,62,1,62717.8
5d5.6p,z ,4,62859.0
,62,3,62914.9
,63,3,63043.3
,63,4,63127.7
,63,2,63464.2
5d5.6p,z ,5,64282.3
,64,4,64407.2
,64,2,64411.4
,64,3,64942.2
,64,3,64966.9
,65,1,65011.0
,65,3,65572.3
,65,2,65674.0
,66,3,66100.3
,66,3,66248.1
,66,4,66371.2
,66,4,66476.2
,66,5,66514.6
,66,5,66536.7
,66,2,66730.5
,66,2,66782.6
,67,5,67049.1
,67,1,67276.1
,67,3,67314.0
,67,4,67328.1
,68,5,68259.5
,68,3,68354.3
,68,2,68629.4
,68,3,68868.0
,68,4,68876.7
,69,3,69142.5
,69,2,69170.0
,69,4,69283.6
,69,3,69302.8
,69,3,69729.2
,69,4,69776.3
,69,4,69796.2
,70,1,70137.8
,70,3,70811.0
,71,1,71088.7
,71,4,71128.5
,71,2,71396.8
,71,2,71732.0
,71,2,71949.0
,72,2,72134.3
,72,2,72536.3
,72,3,72846.6
,73,3,73553.9
,74,4,74064.4
,74,3,74070.8
,74,2,74323.3
,74,3,74469.2
,74,3,74633.0
,75,3,75117.0
,75,2,75237.1
,76,4,76137.1
,76,3,76367.2
,77,3,77190.7
,77,3,77223.4
,77,3,77975.9
Re III (5d5 6S<5/2>),Li,,134000
