6p6,1S,0,0.0
6p5.7s,2[,2,54620.35
6p5.7s,2[,1,55989.03
6p5.7p,2[,1,66244.97
6p5.7p,2[,2,66707.53
6p5.6d,2[,0,67906.52
6p5.7p,2[,3,68039.48
6p5.7p,2[,1,68332.10
6p5.7p,2[,2,68789.93
6p5.6d,2[,1,68891.34
6p5.7p,2[,0,69743.98
6p5.6d,2[,4,69798.00
6p5.6d,2[,2,70222.82
6p5.6d,2[,3,70440.42
6p5.8p,2[,1,77039.38
6p5.8p,2[,2,77161.69
6p5.7d,2[,0,77594.82
6p5.8p,2[,3,77604.53
6p5.8p,2[,1,77677.83
6p5.7d,2[,1,77816.12
6p5.8p,2[,2,77827.82
6p5.7d,2[,4,78088.42
6p5.8p,2[,0,78163.27
6p5.7d,2[,2,78173.30
6p5.7d,2[,3,78230.67
6p5.7d,2[,2,78475.97
6p5.7d,2[,3,78628.28
6p5.9s,2[,2,79626.50
6p5.5f,2[,1,79639.03
6p5.5f,2[,2,79644.93
6p5.5f,2[,4,79690.3
6p5.5f,2[,3,79745.40
6p5.5f,2[,2,79750.02
6p5.9s,2[,1,79762.87
6p5.5f,2[,3,79785.18
6p5.9p,2[,1,80998.06
6p5.9p,2[,2,81049.29
6p5.8d,2[,0,81234.15
6p5.9p,2[,3,81253.54
6p5.9p,2[,1,81283.24
6p5.8d,2[,1,81329.96
6p5.9p,2[,2,81351.52
6p5.8d,2[,2,81490.50
6p5.9p,2[,0,81510.27
6p5.8d,2[,3,81514.40
6p5.8d,2[,2,81619.30
6p5.8d,2[,3,81695.16
6p5.8d,2[,1,81966.30
6p5.6f,2[,1,82190.55
6p5.6f,2[,2,82195.97
6p5.10s,2[,2,82211.18
6p5.6f,2[,4,82218.92
6p5.6f,2[,3,82246.73
6p5.6f,2[,2,82251.06
6p5.6f,2[,3,82270.68
6p5.10s,2[,1,82275.97
6p5.10p,2[,1,82927.18
6p5.10p,2[,2,82953.90
6p5.9d,2[,0,83042.53
6p5.10p,2[,3,83064.98
6p5.10p,2[,1,83079.34
6p5.9d,2[,1,83096.24
6p5.10p,2[,2,83116.71
6p5.9d,2[,4,83172.08
6p5.9d,2[,2,83186.66
6p5.9d,2[,3,83199.40
6p5.10p,2[,0,83203.97
6p5.9d,2[,2,83254.04
6p5.9d,2[,3,83297.22
6p5.9d,2[,1,83449.38
6p5.7f,2[,1,83575.07
6p5.7f,2[,2,83578.55
6p5.7f,2[,4,83592.53
6p5.11s,2[,2,83595.18
6p5.7f,2[,3,83607.96
6p5.7f,2[,2,83610.71
6p5.7f,2[,3,83622.40
6p5.11s,2[,1,83630.49
6p5.10d,2[,0,84075.08
6p5.11p,2[,3,84099.35
6p5.11p,2[,1,84108.5
6p5.10d,2[,1,84111.60
6p5.11p,2[,2,84131.6
6p5.10d,2[,4,84162.11
6p5.10d,2[,2,84169.80
6p5.10d,2[,3,84177.33
6p5.11p,2[,0,84183.06
6p5.10d,2[,2,84210.00
6p5.10d,2[,3,84236.50
6p5.8f,2[,1,84407.70
6p5.8f,2[,2,84410.41
6p5.8f,2[,4,84419.04
6p5.12s,2[,2,84423.40
6p5.12p,2[,3,84746.35
6p5.12p,2[,2,84767.3
6p5.11d,2[,4,84785.83
6p5.11d,2[,2,84791.24
6p5.11d,2[,3,84795.53
6p5.11d,2[,2,84816.50
6p5.11d,2[,3,84833.91
6p5.9f,2[,4,84954.68
6p5.9f,2[,3,84960.71
6p5.12d,2[,4,85204.47
6p5.12d,2[,3,85210.91
6p5.10f,2[,4,85322.08
6p5.7s,2[,0,85976
Rn II (6p5 2P*<3/2>),Li,,86692.5
6p5.7s,2[,1,87053
