2s2.2p6,1S,0,0
2s2.2p5.3s,(3,2,3235171
2p5.3s,(3,1,3245100
2s2.2p5.3s,(1,0,3272730
2p5.3s,(1,1,3280800
2s2.2p5.3p,2[,1,3401413
2s2.2p5.3p,2[,2,3427225
2s2.2p5.3p,2[,3,3428533
2s2.2p5.3p,2[,1,3437344
2s2.2p5.3p,2[,2,3445090
2s2.2p5.3p,2[,1,3463292
2s2.2p5.3p,2[,0,3464198
2s2.2p5.3p,2[,2,3474958
2s2.2p5.3p,2[,1,3474958
2s2.2p5.3p,2[,0,3564763
2s2.2p5.3d,2[,1,3668546
2s2.2p5.3d,2[,2,3675982
2s2.2p5.3d,2[,4,3678797
2s2.2p5.3d,2[,3,3683330
2s2.2p5.3d,2[,2,3691702
2s2.2p5.3d,2[,3,3696911
2s2.2p5.3d,2[,1,3714700
2s2.2p5.3d,2[,2,3722705
2s2.2p5.3d,2[,2,3726769
2s2.2p5.3d,2[,3,3727574
2s2.2p5.3d,2[,1,3767300
2s.2p6.3p,3P,1,4198000
2s.2p6.3p,1P,1,4215000
2s2.2p5.4s,(3,2,4337350
2s2.2p5.4s,(3,1,4339300
2s2.2p5.4s,(1,1,4378800
2s2.2p5.4p,2[,2,4409384
2s2.2p5.4p,2[,2,4450987
2s2.2p5.4d,2[,1,4500231
2s2.2p5.4d,2[,4,4502941
2s2.2p5.4d,2[,2,4503623
2s2.2p5.4d,2[,3,4504960
2s2.2p5.4d,2[,2,4508125
2s2.2p5.4d,2[,3,4509787
2s2.2p5.4d,2[,1,4521000
2s2.2p5.4f,2[,5,4542083
2s2.2p5.4f,2[,4,4542110
2s2.2p5.4d,2[,2,4543198
2s2.2p5.4d,2[,3,4544404
2s2.2p5.4f,2[,3,4544885
2s2.2p5.4f,2[,4,4545094
2s2.2p5.4f,2[,2,4546089
2s2.2p5.4f,2[,3,4546279
2s2.2p5.4f,2[,2,4546312
2s2.2p5.4d,2[,1,4557900
2s2.2p5.4f,2[,3,4580818
2s2.2p5.4f,2[,4,4581021
2s2.2p5.4f,2[,3,4583224
2s2.2p5.5d,2[,1,4892800
2s2.2p5.5d,2[,1,4926600
Sc XIII (2p5 2P*<3/2>),Li,,5543900
