5d3.6s,a ,1,0.00
5d3.6s,a ,2,1031.33
5d3.6s,a ,3,2642.19
5d2.6s2,a ,2,3180.04
5d2.6s2,a ,0,4124.77
5d3.6s,a ,4,4415.70
5d2.6s2,a ,1,5330.66
5d2.6s2,a ,2,5658.00
5d3.6s,a ,5,6186.72
5d2.6s2,a ,3,6831.35
5d3.6s,b ,2,9690.46
5d2.6s2,a ,4,9746.33
5d3.6s,a ,1,10713.30
5d3.6s,a ,3,11767.14
5d3.6s,a ,2,11875.46
5d3.6s,a ,3,12435.85
5d4,a ,0,12600.87
5d3.6s,a ,4,12705.32
5d3.6s,a ,5,12830.94
5d4,a ,1,13475.40
5d2.6s2,a ,2,13560.25
5d2.6s2,a ,4,14205.53
5d4,a ,2,14494.90
5d3.6s,b ,3,14581.00
5d3.6s,a ,1,14627.75
5d4,a ,3,15726.06
5d3.6s,a ,4,15851.12
5d3.6s,a ,2,17168.50
5d4,a ,4,17231.22
5d3.6s,b ,1,17375.11
5d3.6s,b ,4,18493.67
5d3.6s,b ,2,18500.60
5d3.6s,a ,3,18553.83
5d3.6s,c ,2,22928.62
5d3.6s,c ,4,23082.70
5d3.6s,b ,2,23294.70
5d3.6s,c ,0,23381.19
5d3.6s,a ,1,23406.14
5d3.6s,c ,3,23620.36
5d4,b ,4,24432.78
5d3.6s,a ,3,24869.61
5d4,b ,5,25413.95
5d4,b ,3,26829.09
,29,2,29256.87
,33,1,33706.50
,33,2,33715.15
,36,3,36112.97
,36,2,36177.12
,36,3,36763.73
,36,1,36987.73
,5G,2,37230.80
,5F,2,38515.55
,5F,1,38535.26
,5G,3,38962.38
,5F,3,39295.83
,5G,4,39743.64
,40,0,40023.76
,40,2,40233.53
,40,1,40304.78
,41,2,41145.00
,41,1,41355.06
,41,3,41554.52
,41,5,41709.02
,41,4,41775.29
,5F,4,42122.91
,42,2,42153.32
,42,3,42959.59
,43,2,43064.95
,43,3,43544.44
,43,1,43553.87
,44,4,44005.16
,44,1,44206.19
,44,2,44259.20
,44,3,44430.38
,5D,0,44434.70
,5F,5,44585.33
,44,4,44626.00
,44,3,44835.23
,5D,1,45233.85
,45,2,45446.91
,46,1,46174.63
,46,4,46286.97
,46,5,46295.07
,5D,2,46387.28
,46,4,46645.81
,46,3,46831.39
,46,2,46850.69
,47,3,47169.18
,47,4,47280.92
,47,2,47514.61
,47,1,47596.02
,47,0,47800.95
,47,3,47825.41
,47,6,47829.75
,48,0,48064.50
,48,2,48166.44
,48,2,48223.11
,48,4,48470.35
,48,2,48666.55
,48,1,48776.36
,48,3,48962.66
,49,5,49055.18
,49,2,49080.44
,49,3,49536.28
,49,2,49592.90
,49,3,49646.60
,49,1,49887.03
,49,4,49937.82
,51,3,51073.88
,51,2,51197.32
,51,1,51326.37
,51,2,51534.21
,52,3,52121.22
,52,1,52155.76
,52,3,52580.41
,52,1,52824.53
,53,3,53465.72
,53,2,53644.82
,54,2,54533.78
,54,3,54648.81
,55,3,55128.36
,55,3,55543.11
,56,2,56018.75
,56,4,56142.49
,56,4,56752.94
Ta III (5d3 4F<3/2>),Li,,131000
