4d4,3P,0,0
4d4,5D,1,116870
4d4,3F,4,159000
4d4,3P,2,162000
4d4,3G,3,173000
4d4,5D,0,263800
4d4,5D,2,267840
4d4,5D,4,274670
4d4,5D,3,283000
4d4,3H,5,294750
4d4,3P,1,305480
4d4,3H,6,311000
4d4,3G,4,318000
4d4,3F,3,319000
4d4,3D,2,323000
4d4,3F,2,355000
4d4,3F,4,363000
4d4,3P,2,388000
4d4,3P,0,426000
4d4,3H,4,426000
4d4,3D,3,430000
4d4,3D,1,443000
4d4,3G,5,449000
4d4,1S,0,455000
4d4,1I,6,455000
4d4,3F,2,468000
4d4,1F,3,475000
4d4,1G,4,504000
4d4,3F,3,512000
4d4,3P,1,512000
4d4,1D,2,513000
4d4,1G,4,597000
4d4,1D,2,619000
4d4,1S,0,680000
W XXXVI (4d3 4F<3/2>),Li,,11775000
