3p6.3d10,1S,0,0
3p6.3d9.4s,(5,3,12598500
3p6.3d9.4s,(5,2,12613550
3p6.3d9.4s,(3,1,13135770
3p6.3d9.4s,(3,2,13145300
3p6.3d9.4p,(5,2,13376150
3p6.3d9.4p,(5,3,13385270
3p6.3d9.4p,(3,2,13913370
3p6.3d9.4p,(3,1,13940600
3p6.3d9.4p,(5,1,14232400
3p6.3d9.4p,(3,1,14757000
3p6.3d9.4d,(5,1,15559500
3p6.3d9.4d,(5,2,15613600
3p5.3d10.4s,(3,1,16255400
3p6.3d9.4d,(3,0,16256200
3p6.3d9.4f,(5,1,17037800
3p6.3d9.4f,(3,1,17576900
3p5.3d10.4s,(1,1,18714000
3p5.3d10.4d,(3,1,19036000
3p5.3d10.4d,(3,1,19229000
3p5.3d10.4f,(3,2,20591000
3s.3p6.3d10.4p,(1,1,21384000
3p5.3d10.4d,(1,1,21565000
3s.3p6.3d10.4p,(1,1,22267000
3p6.3d9.5f,(5,1,22713000
3p6.3d9.5f,(3,1,23214200
3p5.3d10.5d,(3,1,25670000
3p6.3d9.6f,(5,1,25784000
3p6.3d9.6d,(3,0,25944000
3p6.3d9.6f,(3,1,26293000
3p6.3d9.7f,(5,1,27633000
3p5.3d10.5d,(1,1,28076000
3p6.3d9.7f,(3,1,28150000
3p6.3d9.8f,(5,1,28827000
3s.3p6.3d10.5p,(1,1,29030000
3p5.3d10.6d,(3,1,29036000
3p6.3d9.8f ,(3,1,29355000
W XLVIII (3d9 2D<5/2>),Li,,32720000
