3d4<3/2>,(0,0,0
3d3<3/2>.3d<5/2>,(3,1,517630
3d3<3/2>.3d<5/2>,(3,4,613000
3d3<3/2>.3d<5/2>,(3,2,638000.0
3d3<3/2>.3d<5/2>,(3,3,665562.1
3d2<3/2>.3d2<5/2>,(2,0,1100000
3d2<3/2>.3d2<5/2>,(2,2,1109690
3d2<3/2>.3d2<5/2>,(2,4,1127270
3d2<3/2>.3d2<5/2>,(2,3,1141000
3d2<3/2>.3d2<5/2>,(2,5,1173350
3d2<3/2>.3d2<5/2>,(2,6,1195000
3d2<3/2>.3d2<5/2>,(2,1,1213000
3d2<3/2>.3d2<5/2>,(2,3,1240000
3d2<3/2>.3d2<5/2>,(2,4,1243000
3d2<3/2>.3d2<5/2>,(2,2,1258000
3d2<3/2>.3d2<5/2>,(2,2,1361000
3d2<3/2>.3d2<5/2>,(0,4,1403950
3d2<3/2>.3d2<5/2>,(0,2,1509000
3d2<3/2>.3d2<5/2>,(0,0,1637000
W LIV 3/2>),Li,,39739000
