4f14.5p6,1S,0,0.0
4f13.5p6.5d,(7,2,311441.0
4f14.5p5.5d,(3,0,315259
4f13.5p6.5d,(7,5,318185.2
4f14.5p5.5d,(3,1,318899.0
4f13.5p6.5d,(7,3,320692.7
4f13.5p6.5d,(7,4,322527.0
4f13.5p6.5d,(7,6,327044
4f13.5p6.5d,(7,2,328019.8
4f13.5p6.5d,(7,4,329949.6
4f13.5p6.5d,(7,1,330824.9
4f13.5p6.5d,(7,3,333095.4
4f14.5p5.5d,(3,2,335016.9
4f13.5p6.5d,(7,5,335017.1
4f14.5p5.5d,(3,3,335171.5
4f13.5p6.5d,(5,4,335411.4
4f13.5p6.5d,(5,2,337853.6
4f13.5p6.5d,(5,0,339628.6
4f13.5p6.5d,(5,1,339704.6
4f14.5p5.5d,(3,4,340530.0
4f13.5p6.5d,(5,3,343093.3
4f14.5p5.5d,(3,2,343305.1
4f13.5p6.5d,(5,1,345393.5
4f13.5p6.5d,(5,5,346384.7
4f13.5p6.5d,(5,2,348370.2
4f13.5p6.5d,(5,3,351599.8
4f13.5p6.5d,(5,4,352478.4
4f14.5p5.5d,(3,3,354110.8
4f14.5p5.5d,(3,1,382577.2
4f13.5p6.6s,(7,4,437188.1
4f13.5p6.6s,(7,3,438026.0
4f14.5p5.6s,(3,2,443237.3
4f14.5p5.6s,(3,1,446748.9
4f13.5p6.6s,(5,2,454566.3
4f13.5p6.6s,(5,3,455220.6
4f14.5p5.5d,(1,1,462496.3
4f13.5p6.6p,(7,3,512881.8
4f13.5p6.6p,(7,4,513640.4
4f14.5p5.6p,(3,1,517073.8
4f14.5p5.6p,(3,2,519194.4
4f13.5p6.6p,(5,3,530488.9
4f13.5p6.6p,(5,2,531433.6
4f14.5p5.6s,(1,1,531465
4f13.5p6.6p,(7,5,533693.3
4f13.5p6.6p,(7,2,534427.8
4f13.5p6.6p,(7,3,534837.9
4f13.5p6.6p,(7,4,536420.1
4f14.5p5.6p,(3,1,538902.7
4f14.5p5.6p,(3,3,539126.5
4f14.5p5.6p,(3,2,543641.1
4f13.5p6.6p,(5,1,549865.3
4f14.5p5.6p,(3,0,550081.6
4f13.5p6.6p,(5,4,551684.3
4f13.5p6.6p,(5,2,552670.8
4f13.5p6.6p,(5,3,553588.0
4f13.5p6.5f,(7,2,626025
4f13.5p6.5f,(7,6,626291
4f13.5p6.5f,(7,1,626581
4f13.5p6.5f,(7,3,627053
4f13.5p6.5f,(7,7,627487
4f13.5p6.5f,(7,4,628049
4f13.5p6.5f,(7,5,628672
4f13.5p6.5f,(7,3,629102
4f13.5p6.5f,(7,4,629791
4f13.5p6.5f,(7,2,629962
4f13.5p6.5f,(7,6,630282
4f13.5p6.5f,(7,5,630395
,,2,632406
,,2,632838
4f13.5p6.5f,(5,1,642481
4f13.5p6.5f,(5,5,643569
4f13.5p6.5f,(5,1,643880
4f13.5p6.6d,(7,5,645238.4
4f13.5p6.5f,(5,6,645507
4f13.5p6.5f,(5,3,645867
4f13.5p6.5f,(5,2,645907
4f13.5p6.6d,(7,3,645943.5
4f13.5p6.5f,(5,2,646444
4f13.5p6.6d,(7,4,646596.4
4f13.5p6.5f,(5,3,646673
4f13.5p6.5f,(5,4,646733
4f14.5p5.6d,(3,1,647462.0
4f13.5p6.5f,(5,4,647578
4f13.5p6.5f,(5,5,647862
4f13.5p6.6d,(7,6,648071.9
4f13.5p6.6d,(7,2,648557.6
4f13.5p6.6d,(7,4,649400.8
4f13.5p6.6d,(7,3,649662.1
4f13.5p6.6d,(7,1,649982.2
4f13.5p6.6d,(7,5,650367.2
4f14.5p5.6d,(3,3,650474.3
4f14.5p5.6d,(3,2,651541.7
4f14.5p5.6d,(3,4,652661.6
4f14.5p5.6d,(3,2,653949.9
4f14.5p5.6d,(3,3,656165.0
4f14.5p5.6d,(3,1,658366.6
4f13.5p6.6d,(5,4,662412.7
4f13.5p6.6d,(5,2,663215.0
4f13.5p6.6d,(5,3,664542.6
4f13.5p6.6d,(5,1,665444.6
4f13.5p6.6d,(5,1,665762.5
4f13.5p6.6d,(5,5,666176.6
4f13.5p6.6d,(5,3,667393.6
4f13.5p6.7s,(7,4,675863.8
4f13.5p6.7s,(7,3,676159.0
4f14.5p5.7s,(3,2,678949.0
4f14.5p5.7s,(3,1,680153.4
4f13.5p6.7s,(5,2,693250.3
4f13.5p6.7s,(5,3,693468.2
4f14.5p5.6d,(1,1,740964
4f14.5p5.7s,(1,1,766776
W VIII (4f13.5p6 2F*<7/2>),Li,,984100
W VIII (4f14.5p5 2P*<3/2>),Li,,984900
