4p6,1S,0,0.0
4p5.4d,3P,0,209651.1
4p5.4d,3P,1,211370.1
4p5.4d,3P,2,214839.0
4p5.4d,3F,4,217958.1
4p5.4d,3F,3,220226.6
4p5.4d,3F,2,223255.83
4p5.4d,3D,3,230433.8
4p5.4d,1D,2,234173.67
4p5.4d,3D,1,235279.41
4p5.4d,3D,2,237407.06
4p5.4d,1F,3,239283.94
4p5.5s,2[,2,256209.51
4p5.5s,2[,1,258516.28
4p5.5s,2[,0,268400.20
4p5.5s,2[,1,269963.30
4p5.4d,1P,1,281010.52
4p5.5p,2[,1,294302.89
4p5.5p,2[,2,298651.07
4p5.5p,2[,3,299748.02
4p5.5p,2[,1,301671.98
4p5.5p,2[,2,303242.55
4p5.5p,2[,0,308034.72
4p5.5p,2[,1,310721.72
4p5.5p,2[,2,313585.95
4p5.5p,2[,1,313861.20
4p5.5p,2[,0,319303.78
4p5.5d,2[,0,358171.17
4p5.5d,2[,1,358937.82
4p5.5d,2[,4,360072.25
4p5.5d,2[,2,360246.23
4p5.5d,2[,3,360608.08
4p5.5d,2[,2,361842.41
4p5.5d,2[,3,362568.78
4p5.4f,2[,1,364951.9
4p5.4f,2[,2,365914.24
4p5.5d,2[,1,366259.30
4p5.6s,2[,2,366280.58
4p5.6s,2[,1,367092.15
4p5.4f,2[,3,367793.78
4p5.4f,2[,5,368762.06
4p5.4f,2[,4,369240.38
4p5.4f,2[,3,371275.28
4p5.4f,2[,4,371612.97
4p5.4f,2[,2,371812.37
4p5.5d,2[,2,373352.60
4p5.5d,2[,2,373510.05
4p5.5d,2[,3,373772.12
4p5.5d,2[,1,377861.10
4p5.6s,2[,0,378646.5
4p5.6s,2[,1,379167.29
4p5.4f,2[,3,380536.76
4p5.6p,2[,1,381848.65
4p5.4f,2[,3,382201.28
4p5.4f,2[,2,382493.04
4p5.4f,2[,4,382605.38
4p5.6p,2[,2,383387.64
4p5.6p,2[,3,383754.78
4p5.6p,2[,1,384482.34
4p5.6p,2[,2,385063.65
4p5.6p,2[,0,387146.40
4s.4p6.4d,3D,1,390585.58
4s.4p6.4d,3D,2,391750.39
4s.4p6.4d,3D,3,393542.89
4p5.6p,2[,1,395453.98
4p5.6p,2[,2,396408.04
4p5.6p,2[,1,396485.72
4s.4p6.4d,1D,2,397683.29
4p5.6d,2[,0,409227.76
4p5.6d,2[,1,409608
4p5.6d,2[,4,410082.22
4p5.6d,2[,2,410239.57
4p5.6d,2[,3,410282.26
4p5.6d,2[,2,410859.39
4p5.6d,2[,3,411131.90
4p5.5f,2[,5,411616.27
4p5.5f,2[,4,411862.56
4p5.5f,2[,1,412475.00
4p5.7s,2[,2,412599.69
4p5.6d,2[,1,412704.43
4p5.5f,2[,2,412787.98
4p5.5f,2[,3,412887.61
4p5.7s,2[,1,413026.57
4p5.5f,2[,4,413056.76
4p5.5f,2[,3,413081.01
4p5.5f,2[,2,414429.58
4p5.5g,2[,2,417704.28
4p5.5g,2[,3,417720.36
4p5.5g,2[,6,417864.7
4p5.5g,2[,5,417871.24
4p5.5g,2[,4,418187.53
4p5.5g,2[,3,418198.79
4p5.5g,2[,4,418362.96
4p5.5g,2[,5,418366.10
4p5.6d,2[,2,422600.65
4p5.6d,2[,2,422753.92
4p5.6d,2[,3,423009.12
4p5.6d,2[,1,424135.51
4p5.5f,2[,4,424658.90
4p5.5f,2[,3,424993.16
4p5.7s,2[,0,425007.18
4p5.7s,2[,1,425219.20
4p5.5f,2[,2,425783.45
4p5.5g,2[,4,430505.77
4p5.5g,2[,5,430510.28
4p5.5g,2[,4,430516.16
4p5.5g,2[,3,430528.00
4p5.7d,2[,1,435193
4p5.7d,2[,1,436796
4p5.8s,2[,1,436990
4p5.6g,2[,2,439482.94
4p5.6g,2[,3,439499.41
4p5.6g,2[,6,439574.40
4p5.6g,2[,5,439580.72
4p5.6g,2[,4,439743.77
4p5.6g,2[,3,439780.35
4p5.6g,2[,4,439867.09
4p5.6g,2[,5,439869.90
4p5.7d,2[,1,448473
4p5.8d,2[,1,450088
4p5.8d,2[,1,451038
4p5.6g,2[,4,452101.28
4p5.6g,2[,4,452116.2
4p5.6g,2[,5,452121.18
4p5.6g,2[,3,452134.9
4p5.9d,2[,1,460003
4p5.8d,2[,1,463019
4p5.10d,2[,1,466181
4p5.9d,2[,1,472132
Y V (4p5 2P*<3/2>),Li,,488830
