4s2.4p2,3P,0,0.00
4s2.4p2,3P,1,1063.49
4s2.4p2,3P,2,2541.35
4s2.4p2,1D,2,10095.82
4s2.4p2,1S,0,22598.6
4s.4p3,5S,2,54817.08
4s.4p3,3D,1,73749.89
4s.4p3,3D,2,73862.33
4s.4p3,3D,3,74244.42
4s2.4p.5s,11,0,78730.893
4s2.4p.5s,11,1,79128.33
4s2.4p.5s,21,2,81508.925
4s2.4p.5s,21,1,82819.214
4s2.4p.4d,1D,2,83100.804
4s.4p3,3P,1,84636.186
4s.4p3,3P,0,84648.426
4s.4p3,3P,2,85105.86
4s2.4p.4d,3F,2,88829.143
4s2.4p.4d,3F,3,89549.654
4s2.4p.4d,3F,4,90927.421
4s2.4p.5p,2[,1,95330.583
4s2.4p.5p,2[,1,96915.177
4s2.4p.5p,2[,2,97115.136
4s2.4p.5p,2[,0,98238.420
4s2.4p.4d,3D,1,99066.007
4s2.4p.5p,2[,1,99181.115
4s2.4p.5p,2[,3,99199.000
4s2.4p.4d,3D,2,99548.817
4s2.4p.5p,2[,2,100261.130
4s2.4p.4d,3D,3,100391.099
4s2.4p.5p,2[,1,101089.902
4s2.4p.4d,1P,1,101488.243
4s2.4p.4d,3P,2,102315.401
4s2.4p.5p,2[,2,102392.715
4s2.4p.4d,1F,3,102487.088
4s2.4p.4d,3P,0,102550.086
4s2.4p.4d,3P,1,102594.946
4s2.4p.5p,2[,0,105789.931
4s.4p3,3S,1,109036.01
4s.4p3,1D,2,111531.735
4s2.4p.6s,11,0,114499.257
4s2.4p.6s,11,1,114701.293
4s2.4p.6s,21,2,117385.841
4s2.4p.6s,21,1,117745.351
4s2.4p.5d,12,2,118892.262
4s.4p3,1P,1,119014.770
4s2.4p.5d,13,3,119538.062
4s2.4p.5d,13,2,120774.336
4s2.4p.6p,2[,1,120774.706
4s2.4p.5d,12,1,121359.361
4s2.4p.6p,2[,1,121402.63
4s2.4p.5d,23,4,121443.511
4s2.4p.6p,2[,2,121472.14
4s2.4p.4f,2[,3,121521.337
4s2.4p.4f,2[,3,121570.374
4s2.4p.4f,2[,2,121625.080
4s2.4p.4f,2[,4,121627.464
4s2.4p.6p,2[,0,121816.34
4s2.4p.5d,22,3,122842.921
4s2.4p.5d,22,2,123228.054
4s2.4p.5d,22,1,123499.734
4s2.4p.5d,22,0,123521.898
4s2.4p.6p,2[,1,123703.880
4s2.4p.5d,23,2,123788.477
4s2.4p.6p,2[,3,123956.627
4s2.4p.4f,2[,3,124139.913
4s2.4p.6p,2[,2,124163.580
4s2.4p.4f,2[,4,124208.672
4s2.4p.5d,23,3,124396.093
4s2.4p.6p,2[,1,124599.17
4s2.4p.4f,2[,2,124653.170
4s2.4p.4f,2[,3,124658.219
4s2.4p.4f,2[,5,124706.224
4s2.4p.4f,2[,4,124870.466
4s2.4p.6p,2[,2,124965.312
4s2.4p.4f,2[,1,125208.426
4s2.4p.4f,2[,2,125246.483
4s2.4p.6p,2[,0,126192.77
4s2.4p.5d,23,1,126608.206
4s2.4p.7s,11,0,128573.364
4s2.4p.7s,11,1,128689.741
4s2.4p.6d,12,2,130670.844
4s2.4p.6d,13,3,131146.750
4s2.4p.6d,13,2,131256.89
4s2.4p.7p,2[,1,131428.91
4s2.4p.6d,12,1,131447.35
4s2.4p.7s,21,2,131540.920
4s2.4p.5f,2[,3,131805.040
4s2.4p.5f,2[,3,131872.196
4s2.4p.5f,2[,4,131878.814
4s2.4p.5f,2[,2,131896.272
4s2.4p.7p,2[,1,131897.99
4s2.4p.7s,21,1,131918.529
4s2.4p.7p,2[,2,131992.29
4s2.4p.7p,2[,0,132111.789
4s2.4p.5g,2[,4,132286.731
4s2.4p.5g,2[,4,132287.96
4s2.4p.5g,2[,3,132289.018
4s2.4p.6d,23,4,133546.03
4s2.4p.6d,22,3,133906.504
4s2.4p.6d,22,2,133922.710
4s2.4p.6d,23,2,134230.790
4s2.4p.6d,22,1,134261.88
4s2.4p.6d,22,0,134283.57
4s2.4p.7p,2[,1,134512.50
4s2.4p.5f,2[,3,134559.487
4s2.4p.5f,2[,4,134605.348
4s2.4p.7p,2[,3,134630.929
4s2.4p.6d,23,3,134655.774
4s2.4p.7p,2[,2,134703.90
4s2.4p.5f,2[,2,134819.701
4s2.4p.5f,2[,5,134831.892
4s2.4p.5f,2[,3,134838.836
4s2.4p.7p,2[,1,134948.63
4s2.4p.5f,2[,4,134952.032
4s2.4p.5f,2[,1,135116.015
4s2.4p.5g,2[,4,135128.856
4s2.4p.5g,2[,5,135129.241
4s2.4p.6d,23,1,135137.295
4s2.4p.5f,2[,2,135147.43
4s2.4p.7p,2[,2,135184.56
4s2.4p.5g,2[,4,135191.468
4s2.4p.5g,2[,5,135191.558
4s2.4p.5g,2[,6,135286.998
4s2.4p.5g,2[,5,135287.770
4s2.4p.8s,11,0,135634.36
4s2.4p.7p,2[,0,135693.5
4s2.4p.8s,11,1,135733.47
4s2.4p.7d,12,2,136792.72
4s2.4p.7d,13,2,137101.41
4s2.4p.7d,13,3,137124.72
4s2.4p.7d,12,1,137354.94
4s2.4p.6f,2[,4,137439.511
4s2.4p.6f,2[,3,137449.54
4s2.4p.6f,2[,2,137469.02
4s2.4p.8s,21,2,138565.23
4s2.4p.8s,21,1,138679.12
4s2.4p.9s,11,0,139681.
4s2.4p.9s,11,1,139705.94
4s2.4p.7d,23,4,139744.78
4s2.4p.7d,23,2,139838.49
4s2.4p.7d,22,1,140034.44
4s2.4p.7d,22,0,140086.42
4s2.4p.7d,22,2,140186.77
4s2.4p.6f,2[,3,140212.83
4s2.4p.6f,2[,4,140241.91
4s2.4p.6f,2[,3,140283.09
4s2.4p.6f,2[,2,140342.71
4s2.4p.6f,2[,5,140367.38
4s2.4p.7d,23,3,140382.69
4s2.4p.6f,2[,4,140439.35
4s2.4p.7d,23,1,140455.97
4s2.4p.6f,2[,1,140525.67
4s2.4p.6f,2[,2,140568.30
4s2.4p.6g,2[,3,140596.70
4s2.4p.6g,2[,6,140660.88
4s2.4p.7f,2[,2,140795.03
4s2.4p.7f,2[,3,140829.84
4s2.4p.8p,2[,0,140868.3
4s2.4p.9s,21,2,142619.
4s2.4p.9s,21,1,142674.21
4s2.4p.8d,22,0,143531.
4s2.4p.7f,2[,5,143707.38
4s2.4p.7g,2[,6,143902.50
4s2.4p.9p,2[,0,144007.6
4s2.4p.8f,2[,5,145872.30
As III (4p 2P*<1/2>),Li,,149932
