3p6.3d4<3/2>.3d4<5/2>,(0,4,0
3p6.3d4<3/2>.3d4<5/2>,(0,2,49020
3p6.3d3<3/2>.3d5<5/2>,(3,3,124570
3p6.3d4<3/2>.3d4<5/2>,(0,0,138560
3p6.3d3<3/2>.3d5<5/2>,(3,2,171670
3p6.3d3<3/2>.3d5<5/2>,(3,1,199770
3p6.3d3<3/2>.3d5<5/2>,(3,4,210870
3p6.3d2<3/2>.3d6<5/2>,(2,2,287540
3p6.3d2<3/2>.3d6<5/2>,(0,0,428350
3p5.3d9,(3,4,2083770
3p5.3d9,(3,2,2125990
3p5.3d9,(3,3,2196690
3p5.3d9,(3,1,2264500
3p5.3d9,(3,2,2290230
3p5.3d9,(3,0,2322630
3p5.3d9,(3,3,2342800
3p5.3d9,(3,1,2345210
3p5.3d9,(1,2,2809100
3p5.3d9,(1,2,2860060
3p5.3d9,(1,3,2874270
3p5.3d9,(1,1,3026370
Ba XXXII (3d7 4F<9/2>),Li,,15034000
