2p6,1S,0,0
2p5.3s,(3,2,36803400
2p5.3s,(3,1,36850500
2p5.3p,(3,1,37589300
2p5.3p,(3,2,37608300
2p5.3p,(3,3,38426200
2p5.3p,(3,1,38426700
2p5.3p,(3,2,38496500
2p5.3p,(3,0,38805100
2p5.3d,(3,0,39328900
2p5.3d,(3,1,39379900
2p5.3d,(3,3,39406800
2p5.3d,(3,2,39442900
2p5.3d,(3,4,39579400
2p5.3d,(3,2,39615100
2p5.3d,(3,3,39673300
2p5.3d,(3,1,39831600
2p5.3s,(1,0,39973900
2p5.3s,(1,1,40011300
2p5.3p,(1,1,40753300
2p5.3p,(1,0,41022700
2p5.3p,(1,1,41599400
2p5.3p,(1,2,41624100
2p5.3d,(1,2,42569000
2s.2p6.3s,(1,1,42606500
2p5.3d,(1,1,42713200
2s.2p6.3s,(1,0,42768100
2p5.3d,(1,2,42778000
2p5.3d,(1,3,42801100
2s.2p6.3p,(1,0,43393100
2s.2p6.3p,(1,1,43410100
2s.2p6.3p,(1,2,44235900
2s.2p6.3p,(1,1,44270600
2s.2p6.3d,(1,1,45176500
2s.2p6.3d,(1,2,45205600
2s.2p6.3d,(1,3,45376500
2s.2p6.3d,(1,2,45474700
2p5.4s,(3,2,50604500
2p5.4s,(3,1,50619600
2p5.4p,(3,1,50925100
2p5.4p,(3,2,50930400
2p5.4p,(3,3,51268900
2p5.4p,(3,1,51270300
2p5.4p,(3,2,51293700
2p5.4p,(3,0,51392500
2p5.4d,(3,0,51619300
2p5.4d,(3,1,51637400
2p5.4d,(3,3,51644400
2p5.4d,(3,2,51657300
2p5.4d,(3,4,51724100
2p5.4d,(3,2,51736800
2p5.4d,(3,3,51756400
2p5.4d,(3,1,51806000
2p5.4s,(1,0,53780100
2p5.4s,(1,1,53786600
2p5.4p,(1,1,54097500
2p5.4p,(1,0,54175600
2p5.4p,(1,1,54448900
2p5.4p,(1,2,54453600
2p5.4d,(1,2,54816700
2p5.4d,(1,1,54866000
2p5.4d,(1,2,54909900
2p5.4d,(1,3,54917000
2s.2p6.4s,(1,1,56373100
2s.2p6.4s,(1,0,56426100
2s.2p6.4p,(1,0,56697200
2s.2p6.4p,(1,1,56700800
2s.2p6.4p,(1,2,57044300
2s.2p6.4p,(1,1,57055800
2s.2p6.4d,(1,1,57408100
2s.2p6.4d,(1,2,57418400
2s.2p6.4d,(1,3,57497300
2s.2p6.4d,(1,2,57527500
Ba XLVIII (2p5 2P*<3/2>),Li,,67154000
