6p2,3P,0,0.000
6p2,3P,1,13325.401
6p2,3P,2,17031.698
6p2,1D,2,33938.718
6p2,1S,0,44173.768
6p.7s,(1,0,69133.891
6p.7s,(1,1,69598.475
6s.6p3,5S,2,76148.712
6p.6d,(1,2,79091.141
6p.6d,(1,1,80577.071
6p.6d,(1,2,82049.632
6p.6d,(1,3,82257.251
6p.7p,(1,1,84280.446
6p.7p,(1,0,87078.777
6p.7p,(1,1,88566.685
6p.7s,(3,2,88771.443
6p.7p,(1,2,88789.478
6p.7s,(3,1,89885.675
6s.6p3,3D,1,94442.227
6s.6p3,3D,2,94930.640
6s.6p3,3D,3,96062.356
6p.6d,(3,2,99011.328
6p.6d,(3,4,99725
6p.6d,(3,0,100182.446
6p.6d,(3,1,100494.931
6p.8s,(1,1,101340.430
6p.8s,(1,0,101463.435
6p.6d,(3,2,102331.668
6p.6d,(3,3,103003.505
6p.7p,(3,2,105085.532
6p.7p,(3,1,105270.947
6p.5f,(1,3,105289.732
6p.5f,(1,3,105451.045
6p.7d,(1,2,105527.197
6p.5f,(1,4,105728.060
6p.5f,(1,2,106449.487
6p.6d,(3,1,106611.224
6p.8p,(1,0,107976
6p.6d,(3,3,108009.057
6p.7d,(1,1,108126.733
6p.7p,(3,3,108280.653
6p.7p,(3,1,108406.284
6p.8p,(1,2,108888.519
6p.8p,(1,1,109105.461
6p.7d,(1,2,109158.128
6p.7p,(3,2,109905.987
6p.7p,(3,0,112650.875
6p.9s,(1,0,114579.101
6p.9s,(1,1,114613.372
6p.6f,(1,3,115936.556
6p.6f,(1,3,116090.980
6p.6f,(1,4,116140.866
6p.6f,(1,2,116214.383
6p.8d,(1,2,116942.813
6p.5g,(1,3,117004
6p.8d,(1,3,117224.556
6p.8d,(1,1,117225
6p.9d,(1,2,122278.025
6p.9d,(1,1,122669
6p.8f,(1,3,125133.866
6p.8f,(1,4,125249.299
6p.5f,(3,3,125385.746
6p.5f,(3,4,125536.550
6p.10d,(1,2,125612.129
6p.10d,(1,1,125786
6p.5f,(3,5,125946.915
6p.5f,(3,3,126107.642
6p.5f,(3,2,126299.205
6p.5f,(3,4,126653.813
6p.7d,(3,3,126949.444
6p.5f,(3,1,127062.615
6p.5f,(3,2,127184.243
6p.11d,(1,1,127902
6p.7d,(3,3,128544.088
6p.12d,(1,1,129383
6p.13d,(1,1,130369
6p.14d,(1,1,131117
Bi III (6p 2P*<1/2>),Li,,134720
