5d10,1S,0,0.0
5d9.6s,(5,3,149493.9
5d9.6s,(5,2,153736.5
5d9.6s,(3,1,175017.3
5d9.6s,(3,2,178477.3
5d9.6p,(5,2,244720.5
5d9.6p,(5,3,247162.0
5d9.6p,(3,2,270602.3
5d9.6p,(3,1,274158.0
5d9.6p,(5,4,277861.1
5d9.6p,(5,2,280937.4
5d9.6p,(5,1,284035.2
5d9.6p,(5,3,284056.0
5d9.6p,(3,0,299449.1
5d9.6p,(3,3,305268.6
5d9.6p,(3,1,305901.3
5d9.6p,(3,2,308611.3
5d9.6d,(5,1,400019.5
5d9.6d,(5,4,403603.3
5d9.6d,(5,2,404652.6
5d9.6d,(5,3,406236.9
5d9.6d,(5,1,406834.3
5d9.6d,(5,5,407171.3
5d9.5f,(5,1,407313
5d9.6d,(5,3,409898.2
5d9.6d,(5,2,410299.3
5d9.6d,(5,4,411152.6
5d8.1>,(2,1,413562
5d8.1>,(2,2,414621
5d9.6d,(5,0,416569.3
5d8.0>,(3,3,423417
5d9.5f,(5,1,425698
5d9.7s,(5,3,426585.3
5d8.1>,(0,1,427353
5d9.7s,(5,2,427483.1
5d9.6d,(3,1,428690.1
5d9.6d,(3,3,429083.3
5d8.1>,(3,3,429200
5d9.6d,(3,1,432339.8
5d9.6d,(3,2,432738.2
5d9.6d,(3,4,433960.7
5d8.1>,(3,2,434813
5d9.6d,(3,2,435141.6
5d9.6d,(3,3,436552.2
5d8.1>,(2,3,436628
5d8.1>,(2,2,436798
5d8.2>,(4,4,436983
5d8.1>,(1,2,440341
5d8.2>,(4,3,441843
5d8.0>,(4,4,442151
5d8.1>,(2,1,442251
5d9.5f,(3,2,443063
5d8.2>,(2,4,443686
5d8.2>,(2,3,443780
5d8.1>,(1,1,445514
5d8.2>,(4,2,445517
5d9.5f,(3,3,445676
5d8.1>,(4,4,446047
5d9.5f,(3,4,446862
5d9.6d,(3,0,447140
5d9.5f,(3,3,447709
5d8.1>,(4,3,449699
5d8.2>,(2,2,449816
5d8.2>,(2,1,449962
5d9.7s,(3,1,452280.9
5d9.7s,(3,2,452913.5
5d8.1>,(4,3,455582
5d8.0>,(2,2,456690
5d8.1>,(4,4,457760
5d8.2>,(3,3,458076
5d8.2>,(3,2,459298
5d8.2>,(3,1,460442
5d8.1>,(2,3,461663
5d8.2>,(0,2,463238
5d8.1>,(2,2,465404
5d8.1>,(2,1,465764
5d8.1>,(2,2,465896
5d8.1>,(2,3,466528
5d9.5f,(3,1,466587
5d8.1>,(2,1,467932
5d8.2>,(1,3,468369
5d8.2>,(2,2,472832
5d8.2>,(2,1,472901
5d8.2>,(2,3,474354
5d8.2>,(1,1,474754
5d9.7p,(5,2,475669
5d8.2>,(4,2,476169
5d8.2>,(1,2,477378
5d8.2>,(4,3,477483
5d9.7p,(5,1,477897
5d8.1>,(3,4,479950
5d8.1>,(3,2,480552
5d8.2>,(4,4,481359
5d8.1>,(3,3,483723
5d8.1>,(0,1,483879
5d8.0>,(0,0,484114
5d8.1>,(2,2,487362
5d8.1>,(2,3,487525
5d8.1>,(2,1,488035
5d9.7p,(3,1,489380
5d8.2>,(2,1,490794
5d8.2>,(2,2,491931
5d8.1>,(1,0,491972
5d8.1>,(4,3,495434
5d8.1>,(0,1,495968
5d8.2>,(2,0,498052
5d8.1>,(1,1,499992
5d9.7p,(3,1,501480
5d9.7p,(3,3,501495
5d8.1>,(2,2,512155
5d8.1>,(2,1,514082
5d8.2>,(0,2,522535
5d9.6f,(5,1,538233
5d9.6f,(3,1,564990
Bi VII (5d9 2D<5/2>),Li,,713000
