2s2.2p6,1S,0,0
2s2.2p5.3s,(3,2,4714294
2s2.2p5.3s,(3,1,4727500
2s2.2p5.3s,(1,0,4784174
2s2.2p5.3s,(1,1,4793200
2s2.2p5.3p,2[,1,4926429
2s2.2p5.3p,2[,2,4954368
2s2.2p5.3p,2[,3,4961187
2s2.2p5.3p,2[,1,4970636
2s2.2p5.3p,2[,2,4982062
2s2.2p5.3p,2[,0,5014563
2s2.2p5.3p,2[,1,5020941
2s2.2p5.3p,2[,1,5039971
2s2.2p5.3p,2[,2,5041714
2s2.2p5.3p,2[,0,5143616
2s2.2p5.3d,2[,0,5253448
2s2.2p5.3d,2[,1,5259419
2s2.2p5.3d,2[,2,5270945
2s2.2p5.3d,2[,4,5272468
2s2.2p5.3d,2[,3,5278128
2s2.2p5.3d,2[,2,5289794
2s2.2p5.3d,2[,3,5296812
2s2.2p5.3d,2[,1,5324200
2s2.2p5.3d,2[,2,5348574
2s2.2p5.3d,2[,2,5354045
2s2.2p5.3d,2[,3,5356770
2s2.2p5.3d,2[,1,5406300
2s.2p6.3s,1S,0,5749300
2s.2p6.3p,3P,1,5894500
2s.2p6.3p,1P,1,5921000
2s2.2p5.4s,(3,2,6340270
2s2.2p5.4s,(3,1,6346291
2s2.2p5.4s,(1,0,6410346
2s2.2p5.4s,(1,1,6412678
2s2.2p5.4p,2[,1,6428094
2s2.2p5.4p,2[,2,6435277
2s2.2p5.4p,2[,3,6438194
2s2.2p5.4p,2[,1,6441300
2s2.2p5.4p,2[,2,6445145
2s2.2p5.4p,2[,1,6503510
2s2.2p5.4p,2[,2,6511590
2s2.2p5.4d,2[,0,6545969
2s2.2p5.4d,2[,1,6548779
2s2.2p5.4d,2[,4,6552477
2s2.2p5.4d,2[,2,6553480
2s2.2p5.4d,2[,3,6554730
2s2.2p5.4d,2[,2,6559009
2s2.2p5.4d,2[,1,6577496
2s2.2p5.4f,2[,4,6606203
2s2.2p5.4f,2[,5,6606248
2s2.2p5.4f,2[,1,6606943
2s2.2p5.4f,2[,2,6607601
2s2.2p5.4f,2[,2,6608300
2s2.2p5.4f,2[,3,6609778
2s2.2p5.4f,2[,3,6610006
2s2.2p5.4f,2[,4,6610470
2s2.2p5.4d,2[,2,6624071
2s2.2p5.4d,2[,2,6625741
2s2.2p5.4d,2[,3,6627484
2s2.2p5.4d,2[,1,6641000
2s2.2p5.4f,2[,3,6677634
2s2.2p5.4f,2[,2,6678200
2s2.2p5.4f,2[,4,6678300
2s2.2p5.4f,2[,3,6679495
2s2.2p5.5d,3D,1,7148000
2s2.2p5.5d,1P,1,7215000
2s2.2p5.6d,3D,1,7452000
2s2.2p5.6d,1P,1,7524000
Cr XVI (2p5 2P*<3/2>),Li,,8159300
