3p6.3d4<3/2>.3d4<5/2>,(0,4,0
3p6.3d4<3/2>.3d4<5/2>,(0,2,47720
3p6.3d3<3/2>.3d5<5/2>,(3,3,112950
3d4<3/2>.3d4<5/2>,(0,0,133440
3p6.3d3<3/2>.3d5<5/2>,(3,2,158360
3p6.3d3<3/2>.3d5<5/2>,(3,1,186090
3p6.3d3<3/2>.3d5<5/2>,(3,4,197000
3p6.3d2<3/2>.3d6<5/2>,(2,2,263600
3d2<3/2>.3d6<5/2>,(0,0,401590
3p5.3d9,(3,4,2020010
3p5.3d9,(3,2,2060600
3p5.3d9,(3,3,2128450
3p5.3d9,(3,1,2194390
3p5.3d9,(3,2,2213210
3p5.3d9,(3,0,2244220
3p5.3d9,(3,3,2263930
3p5.3d9,(3,1,2267780
3p5.3d9,(1,2,2689540
3p5.3d9,(1,2,2730180
3p5.3d9,(1,3,2754390
3p5.3d9,(1,1,2893300
Cs XXXI (3d7 4F<9/2>),Li,,14171000
