2s2.2p6,1S,0,0
2s2.2p5.3s,(3,2,35367900
2s2.2p5.3s,(3,1,35413900
2s2.2p5.3p,(3,1,36133500
2s2.2p5.3p,(3,2,36152800
2s2.2p5.3p,(3,3,36904100
2s2.2p5.3p,(3,1,36904500
2s2.2p5.3p,(3,2,36972600
2s2.2p5.3p,(3,0,37272700
2s2.2p5.3d,(3,0,37786600
2s2.2p5.3d,(3,1,37835900
2s2.2p5.3d,(3,3,37863600
2s2.2p5.3d,(3,2,37898300
2s2.2p5.3d,(3,4,38019700
2s2.2p5.3d,(3,2,38054300
2s2.2p5.3d,(3,3,38111200
2s2.2p5.3d,(3,1,38245500
2s2.2p5.3s,(1,0,38293900
2s2.2p5.3s,(1,1,38351300
2s2.2p5.3p,(1,1,39054000
2s2.2p5.3p,(1,0,39317900
2s2.2p5.3p,(1,1,39833200
2s2.2p5.3p,(1,2,39856900
2s2.2p5.3d,(1,2,40781100
2s.2p6.3s,(1,1,40862400
2s2.2p5.3d,(1,1,40923500
2s2.2p5.3d,(1,2,40972700
2s2.2p5.3d,(1,3,40995300
2s.2p6.3s,(1,0,41020400
2s.2p6.3p,(1,0,41629700
2s.2p6.3p,(1,1,41646000
2s.2p6.3p,(1,2,42405500
2s.2p6.3p,(1,1,42439500
2s.2p6.3d,(1,1,43325400
2s.2p6.3d,(1,2,43353300
2s.2p6.3d,(1,3,43508500
2s.2p6.3d,(1,2,43605200
2s2.2p5.4s,(3,2,48589900
2s2.2p5.4s,(3,1,48604600
2s2.2p5.4p,(3,1,48902800
2s2.2p5.4p,(3,2,48908100
2s2.2p5.4p,(3,3,49218600
2s2.2p5.4p,(3,1,49220000
2s2.2p5.4p,(3,2,49242700
2s2.2p5.4p,(3,0,49339200
2s2.2p5.4d,(3,0,49561500
2s2.2p5.4d,(3,1,49578900
2s2.2p5.4d,(3,3,49586200
2s2.2p5.4d,(3,2,49598500
2s2.2p5.4d,(3,4,49658200
2s2.2p5.4d,(3,2,49670600
2s2.2p5.4d,(3,3,49689600
2s2.2p5.4d,(3,1,49747200
2s2.2p5.4s,(1,0,51520500
2s2.2p5.4s,(1,1,51526900
2s2.2p5.4p,(1,1,51830500
2s2.2p5.4p,(1,0,51906500
2s2.2p5.4p,(1,1,52153500
2s2.2p5.4p,(1,2,52158200
2s2.2p5.4d,(1,2,52513500
2s2.2p5.4d,(1,1,52561800
2s2.2p5.4d,(1,2,52598600
2s2.2p5.4d,(1,3,52605600
2s.2p6.4s,(1,1,54050800
2s.2p6.4s,(1,0,54102400
2s.2p6.4p,(1,0,54367200
2s.2p6.4p,(1,1,54370800
2s.2p6.4p,(1,2,54686200
2s.2p6.4p,(1,1,54697500
2s.2p6.4d,(1,1,55042200
2s.2p6.4d,(1,2,55052100
2s.2p6.4d,(1,3,55123500
2s.2p6.4d,(1,2,55153200
Cs XLVII (2p5 2P*<3/2>),Li,,64436000
