5d2.6s2,a ,2,0.00
5d2.6s2,a ,3,2356.68
5d2.6s2,a ,4,4567.64
5d2.6s2,a ,0,5521.78
5d2.6s2,a ,2,5638.62
5d2.6s2,a ,1,6572.55
5d2.6s2,a ,2,8983.75
5d2.6s2,a ,4,10532.54
5d2.6s.6p,z ,1,14017.83
5d3.6s,a ,1,14092.28
5d2.6s.6p,z ,2,14435.13
5d2.6s.6p,z ,3,14541.68
5d3.6s,a ,2,14740.68
5d3.6s,a ,3,15673.33
5d2.6s.6p,z ,2,16163.36
5d3.6s,a ,4,16766.60
5d3.6s,a ,5,17901.28
5d2.6s.6p,z ,2,18011.05
5d2.6s.6p,z ,1,18143.37
5d2.6s.6p,z ,4,18224.99
5d2.6s.6p,z ,0,18270.11
5d2.6s.6p,z ,3,18381.49
5d2.6s.6p,z ,3,19292.69
5d2.6s.6p,z ,2,19791.30
5d3.6s,a ,1,20784.87
5d3.6s,a ,2,20908.42
5d2.6s.6p,z ,4,20960.09
5d2.6s.6p,z ,1,21738.70
5d3.6s,a ,3,22199.08
5d2.6s.6p,z ,2,22450.56
5d3.6s,b ,3,22880.24
5d2.6s.6p,z ,5,22901.34
5d3.6s,b ,4,23252.81
5d3.6s,b ,2,23327.71
5d2.6s.6p,z ,3,23448.61
5d2.6s.6p,z ,3,23644.74
5d3.6s,24,5,24085.14
5d2.6s.6p,z ,4,24785.23
5d2.6s.6p,z ,0,24966.78
,25,2,25084.14
5d2.6s.6p,z ,1,25194.47
,25,3,25281.81
5d2.6s.6p,z ,2,25634.21
,25,3,25678.60
5d2.6s.6p,z ,5,26202.53
5d2.6s.6p,z ,3,26305.78
5d2.6s.6p,z ,1,26463.93
,26,3,26715.37
,26,1,26918.14
,27,4,27074.50
5d2.6s.6p,y ,2,27149.64
5d2.6s.6p,z ,4,27516.41
5d2.6s.6p,y ,1,27533.75
5d2.6s.6p,y ,3,27654.32
5d2.6s.6p,z ,1,28047.91
,28,2,28200.54
5d2.6s.6p,y ,2,28267.39
5d2.6s.6p,y ,0,28526.19
,28,1,28527.97
5d2.6s.6p,z ,3,28583.69
5d2.6s.6p,y ,1,28790.25
5d2.6s.6p,z ,4,29246.65
5d2.6s.6p,y ,2,29401.44
5d2.6s.6p,y ,2,29752.84
5d2.6s.6p,y ,3,29996.81
,30,2,30146.40
5d2.6s.6p,y ,4,30733.22
5d2.6s.6p,z ,5,30976.99
,31,3,31054.64
,31,2,31119.20
5d2.6s.6p,y ,3,31342.51
5d2.6s.6p,z ,2,31610.80
,31,2,31619.97
5d2.6s.6p,y ,4,31943.31
,31,2,31943.84
5d2.6s.6p,z ,1,31952.25
,32,1,32091.59
5d2.6s.6p,3G,3,32533.30
5d2.6s.6p,z ,2,33121.48
,33,1,33137.87
5d2.6s.6p,z ,3,33139.12
,33,2,33538.15
,33,3,33949.28
,33,4,33994.71
5d2.6s.6p,3F,2,33994.86
,34,1,34596.45
,34,4,34805.89
5d2.6s.6p,1F,3,34877.04
,34,2,34947.95
,34,1,34991.64
,35,2,35115.28
,35,1,35284.33
,35,3,35453.83
,35,5,35993.70
,36,4,36075.02
,36,3,36237.34
,36,5,36419.26
,36,3,36523.84
,36,3,36609.85
,36,2,36772.85
5d2.6s.6p,3G,4,36850.04
,36,1,36949.29
,37,2,37038.83
,37,4,37269.82
,37,1,37336.20
,38,1,38151.71
,38,2,38289.38
,38,2,38325.47
,38,3,38407.80
5d2.6s.6p,3G,5,38845.45
5d2.6s.6p,1G,4,38987.85
,39,3,39081.86
,39,3,39127.61
,39,3,39193.91
,39,1,39286.19
,39,2,39435.20
,39,1,39546.34
,39,1,39704.41
,39,2,39788.89
,39,1,39790.70
,39,0,39843.87
,40,2,40130.23
,40,2,40194.46
,40,2,40267.35
,40,2,40513.55
,40,1,40618.62
,40,2,40636.26
,40,1,40704.12
,40,3,40767.44
,40,3,40882.06
,40,23?,40957.54
,41,1,41193.97
,41,2,41211.03
,41,2,41298.36
,41,3,41422.43
,41,3,41475.84
,41,3,41739.36
,41,2,41768.67
,41,3,41824.58
,42,1,42036.37
,42,3,42061.59
,42,1,42111.70
,42,4,42175.58
,42,4,42283.48
,42,2,42302.12
,42,3,42360.90
,42,1,42485.50
,42,4,42670.81
,42,2,42719.58
,42,1,42782.55
,42,4,42871.02
,43,2,43016.47
,43,3,43104.71
,43,3,43489.28
,43,2,43517.85
,43,1,43561.76
,43,1,43786.58
,43,4,43838.30
,43,1,43844.63
,44,5,44131.99
,44,1,44257.54
,44,2,44375.42
,44,4,44777.50
,45,3,45083.28
,45,3,45112.22
,45,2,45138.88
,45,2,45254.91
,45,1,45270.13
,45,3,45364.84
,45,3,45455.15
,45,1,45474.60
,45,3,45649.36
,45,2,45728.62
,45,1,45799.48
,45,3,45994.60
,46,2,46056.21
,46,2,46170.12
,46,2,46183.08
,46,3,46280.26
,46,4,46282.34
,46,2,46437.72
,46,3,46775.98
,46,2,46860.75
,46,2,46961.96
,46,3,46966.61
,46,2,46981.20
,46,4,46992.38
,47,2,47304.97
,47,3,47345.93
,47,3,47590.09
,47,4,47606.21
,47,2,47702.41
,47,1,47874.44
,47,3,47938.44
,48,4,48022.20
,48,4,48047.90
,48,3,48049.43
,48,1,48129.57
,48,3,48319.08
,48,4,48356.90
,48,2,48407.27
,48,2,48594.84
,48,3,48598.99
,48,2,48708.40
,48,3,48809.77
,48,3,48869.43
,48,2,48951.97
,49,4,49005.35
,49,5,49540.65
,49,4,49623.40
,49,3,49791.86
,50,4,50393.21
,51,5,51408.65
Hf II (5d.6s2 2D<3/2>),Li,,55047.9
