2s2.2p6,1S,0,0
2s2.2p5.3s,2[,2,2399168
2s2.2p5.3s,2[,1,2406855
2s2.2p5.3s,2[,0,2422630
2s2.2p5.3s,2[,1,2430137
2s2.2p5.3p,2[,1,2536246
2s2.2p5.3p,2[,3,2558910
2s2.2p5.3p,2[,2,2559399
2s2.2p5.3p,2[,1,2566499
2s2.2p5.3p,2[,2,2572660
2s2.2p5.3p,2[,1,2582550
2s2.2p5.3p,2[,0,2585190
2s2.2p5.3p,2[,2,2590088
2s2.2p5.3p,2[,1,2590878
2s2.2p5.3p,2[,0,2667264
2s2.2p5.3d,2[,0,2757539
2s2.2p5.3d,2[,1,2760084
2s2.2p5.3d,2[,2,2765178
2s2.2p5.3d,2[,4,2768317
2s2.2p5.3d,2[,3,2771824
2s2.2p5.3d,2[,2,2778069
2s2.2p5.3d,2[,3,2782330
2s2.2p5.3d,2[,1,2794790
2s2.2p5.3d,2[,2,2797752
2s2.2p5.3d,2[,3,2800889
2s2.2p5.3d,2[,2,2801002
2s2.2p5.3d,2[,1,2832117
2s2.2p5.4s,2[,1,3205100
2s.2p6.3p,3P,1,3219400
2s2.2p5.4s,2[,1,3232400
2s.2p6.3p,1P,1,3237600
2s2.2p5.4d,2[,1,3356400
2s2.2p5.4d,2[,1,3379700
K XI (2p5 2P*<3/2>),Li,,4062400
