3d10,1S,0,0
3d9.4s,2[,3,690437
3d9.4s,2[,2,693422
3d9.4s,2[,1,700749
3d9.4s,2[,2,704584
3d9.4p,2[,2,838759
3d9.4p,2[,3,844255
3d9.4p,2[,1,849553
3d9.4p,2[,2,852008
3d9.4p,2[,4,852311
3d9.4p,2[,0,856140
3d9.4p,2[,2,860273
3d9.4p,2[,3,861782
3d9.4p,2[,1,864020
3d9.4p,2[,3,866442
3d9.4p,2[,1,869959
3d9.4p,2[,2,871947
3d9.4d,2[,1,1081246
3d9.4d,2[,4,1093033
3d9.4d,2[,5,1093152
3d9.4d,2[,2,1093778
3d9.4d,2[,1,1093864
3d9.4d,2[,3,1096690
3d9.4d,2[,3,1098421
3d9.4d,2[,0,1098968
3d9.4d,2[,2,1099903
3d9.4d,2[,4,1100439
3d9.4d,2[,1,1101083
3d9.4d,2[,3,1104304
3d9.4d,2[,1,1105020
3d9.4d,2[,4,1106607
3d9.4d,2[,2,1109305
3d9.4d,2[,2,1111320
3d9.4d,2[,3,1111363
3d9.4d,2[,0,1184400
3d9.4f,3P,1,1302270
3d9.4f,3D,1,1310680
3d9.4f,1P,1,1325290
3d9.5f,*,1,1493000
3d9.6f,*,1,1608000
Kr X (3d9 2D<5/2>),Li,,1879000
