5p6,1S,0,0.0
5p5.4f,2[,1,143354.7
5p5.4f,2[,2,145949.0
5p5.4f,2[,3,149927.1
5p5.4f,2[,3,153339.1
5p5.5d,2[,0,156100.3
5p5.5d,2[,1,158412.6
5p5.4f,2[,2,160486.4
5p5.5d,2[,2,162867.6
5p5.5d,2[,4,163693.3
5p5.5d,2[,3,165070.7
5p5.5d,2[,2,167921.7
5p5.5d,2[,3,173335.5
5p5.4f,2[,2,175013.8
5p5.5d,2[,1,181155.0
5p5.5d,2[,2,184885.7
5p5.5d,2[,2,188393.2
5p5.5d,2[,3,190831.7
5p5.6s,2[,2,198303.1
5p5.6s,2[,1,200183.3
5p5.5d,2[,1,215919.2
5p5.6s,2[,0,219336.9
5p5.6s,2[,1,220506.9
5p5.6p,2[,1,231008.7
5p5.6p,2[,2,233401.5
5p5.6p,2[,3,236790.4
5p5.6p,2[,1,237727.3
5p5.6p,2[,2,239654.3
5p5.6p,2[,0,244301.8
5p5.6p,2[,1,254251.3
5p5.6p,2[,1,259085.9
5p5.6p,2[,2,259224.3
5p5.6p,2[,0,260449.8
5p5.6d,2[,0,284205.8
5p5.6d,2[,1,284981.9
5p5.6d,2[,4,285856.2
5p5.6d,2[,3,285951.0
5p5.6d,2[,2,286298.2
5p5.6d,2[,2,287402.6
5p5.6d,2[,3,287874.0
5p5.6d,2[,1,290596.2
5p5.7s,2[,2,292080.3
5p5.7s,2[,1,292777.8
5p5.6d,2[,2,307183.0
5p5.6d,2[,2,307398.4
5p5.6d,2[,3,308151.3
5p5.6d,2[,1,310049.8
5p5.7s,2[,0,313512.4
5p5.7s,2[,1,313917.0
La V (5s2.5p5 2P*<3/2>),Li,,402900
