2s2.2p6,1S,0,0
2s2.2p5.3s,(3,2,5266964
2s2.2p5.3s,(3,1,5281200
2s2.2p5.3s,(1,0,5351520
2s2.2p5.3s,(1,1,5360800
2s2.2p5.3p,2[,1,5494974
2s2.2p5.3p,2[,2,5523101
2s2.2p5.3p,2[,3,5532778
2s2.2p5.3p,2[,1,5542158
2s2.2p5.3p,2[,2,5555050
2s2.2p5.3p,2[,1,5603789
2s2.2p5.3p,2[,1,5626306
2s2.2p5.3p,2[,2,5628520
2s2.2p5.3d,2[,0,5843409
2s2.2p5.3d,2[,1,5850249
2s2.2p5.3d,2[,2,5863347
2s2.2p5.3d,2[,4,5864439
2s2.2p5.3d,2[,3,5870337
2s2.2p5.3d,2[,2,5883137
2s2.2p5.3d,2[,3,5890952
2s2.2p5.3d,2[,1,5923500
2s2.2p5.3d,2[,2,5961148
2s2.2p5.3d,2[,3,5964431
2s2.2p5.3d,2[,1,6018300
2s.2p6.3p,3P,1,6530800
2s.2p6.3p,1P,1,6562500
2s2.2p5.4s,(3,2,7089864
2s2.2p5.4s,(3,1,7092000
2s2.2p5.4p,2[,1,7184624
2s2.2p5.4p,2[,2,7191600
2s2.2p5.4p,2[,3,7195714
2s2.2p5.4p,2[,1,7198860
2s2.2p5.4p,2[,2,7283910
2s2.2p5.4d,2[,0,7310174
2s2.2p5.4d,2[,1,7313554
2s2.2p5.4d,2[,4,7317468
2s2.2p5.4d,2[,2,7318722
2s2.2p5.4d,2[,3,7319729
2s2.2p5.4d,2[,2,7324359
2s2.2p5.4d,2[,3,7327149
2s2.2p5.4d,2[,1,7344868
2s2.2p5.4f,2[,4,7376520
2s2.2p5.4f,2[,5,7376639
2s2.2p5.4f,2[,1,7376779
2s2.2p5.4f,2[,2,7377669
2s2.2p5.4f,2[,2,7379900
2s2.2p5.4f,2[,3,7380185
2s2.2p5.4f,2[,3,7380720
2s2.2p5.4f,2[,4,7381282
2s2.2p5.4d,2[,2,7403649
2s2.2p5.4d,2[,2,7405446
2s2.2p5.4d,2[,3,7407660
2s2.2p5.4d,2[,1,7429000
2s2.2p5.4f,2[,4,7463551
2s2.2p5.4f,2[,3,7464838
2s2.2p5.4f,2[,2,7465000
2s2.2p5.5d,3D,1,7994000
2s2.2p5.5d,1P,1,8084000
2s2.2p5.6d,3D,1,8354000
2s2.2p5.6d,1P,1,8439000
Mn XVII (2p5 2P*<3/2>),Li,,9144100
