2s2.2p6,1S,0,0.00
2s2.2p5.3s,3P,2,264924.32
2s2.2p5.3s,3P,1,265689.62
2s2.2p5.3s,3P,0,266281.62
2s2.2p5.3s,1P,1,268762.96
2s2.2p5.3p,3S,1,293220.33
2s2.2p5.3p,3D,3,297248.82
2s2.2p5.3p,3D,2,297635.61
2s2.2p5.3p,3D,1,298165.44
2s2.2p5.3p,1D,2,299189.96
2s2.2p5.3p,1P,1,299885.37
2s2.2p5.3p,3P,2,300103.92
2s2.2p5.3p,3P,0,300387.82
2s2.2p5.3p,3P,1,300507.11
2s2.2p5.3p,1S,0,308860.80
2s2.2p5.3d,2[,0,330549.35
2s2.2p5.3d,2[,1,330636.75
2s2.2p5.3d,2[,2,330789.05
2s2.2p5.3d,2[,4,331123.04
2s2.2p5.3d,2[,3,331186.70
2s2.2p5.4s,2[,2,331496.51
2s2.2p5.3d,2[,2,331665.59
2s2.2p5.3d,2[,3,331707.90
2s2.2p5.3d,2[,1,331745.06
2s2.2p5.4s,2[,1,331873.93
2s2.2p5.4s,2[,0,332710.11
2s2.2p5.3d,2[,2,332802.21
2s2.2p5.3d,2[,3,332841.93
2s2.2p5.3d,2[,2,332962.57
2s2.2p5.4s,2[,1,333107.74
2s2.2p5.3d,2[,1,333162.94
2s2.2p5.4p,2[,1,340239.8
2s2.2p5.4p,2[,3,341255.6
2s2.2p5.4p,2[,2,341457.7
2s2.2p5.4p,2[,2?,341907.0
2s2.2p5.4p,2[,1,342738.6
2s2.2p5.4p,2[,1,342971.0
2s2.2p5.4d,2[,0,352969.8
2s2.2p5.4d,2[,1,353032.9
2s2.2p5.4d,2[,2,353151.8
2s2.2p5.4d,2[,4,353202.6
2s2.2p5.4d,2[,3,353240.4
2s2.2p5.4d,2[,2,353463.2
2s2.2p5.4d,2[,3,353483.8
2s2.2p5.5s,2[,2,353536.7
2s2.2p5.4d,2[,1,353600.6
2s2.2p5.5s,2[,1,353719.3
2s2.2p5.4f,2[,1,353837.23
2s2.2p5.4f,2[,2,353838.44
2s2.2p5.4f,2[,5,353881.13
2s2.2p5.4f,2[,4,353881.16
2s2.2p5.4f,2[,3,353925.81
2s2.2p5.4f,2[,2,353926.69
2s2.2p5.4f,2[,3,353972.42
2s2.2p5.4f,2[,4,353972.63
2s2.2p5.4d,2[,2,354526.3
2s2.2p5.4d,2[,3,354559.2
2s2.2p5.4d,2[,2,354707.0
2s2.2p5.5s,2[,0,354859.8
2s2.2p5.4d,2[,1,354876.5
2s2.2p5.5s,2[,1,354997.8
2s2.2p5.4f,2[,3,355280.89
2s2.2p5.4f,2[,4,355281.16
2s2.2p5.4f,2[,3,355283.70
2s2.2p5.4f,2[,2,355284.53
2s2.2p5.5d,2[,0,363332.2
2s2.2p5.5d,2[,1,363347.4
2s2.2p5.5d,2[,2,363441.7
2s2.2p5.6s,2[,2,363610.2
2s2.2p5.5d,2[,1,363631.9
2s2.2p5.6s,2[,1,363725.8
2s2.2p5.5f,2[,1,363767.98
2s2.2p5.5f,2[,2,363769.03
2s2.2p5.5f,2[,5,363790.60
2s2.2p5.5f,2[,4,363790.64
2s2.2p5.5f,2[,3,363814.78
2s2.2p5.5f,2[,2,363815.38
2s2.2p5.5f,2[,3,363837.82
2s2.2p5.5f,2[,4,363837.94
2s2.2p5.5d,2[,2,364744.1
2s2.2p5.5d,2[,1,364931.1
2s2.2p5.6s,2[,0,365009.9
2s2.2p5.6s,2[,1,365043.5
2s2.2p5.5f,2[,3,365173.42
2s2.2p5.5f,2[,4,365173.7
2s2.2p5.5f,2[,3,365174.10
2s2.2p5.6d,2[,1,368494.1
2s2.2p5.7s,2[,1,369070.5
2s2.2p5.6f,2[,1,369158.71
2s2.2p5.6f,2[,2,369159.46
2s2.2p5.6f,2[,5,369171.93
2s2.2p5.6f,2[,4,369172.01
2s2.2p5.6g,2[,2,3,369184.02
2s2.2p5.6f,2[,3,369186.50
2s2.2p5.6f,2[,2,369186.73
2s2.2p5.6g,2[,5,6,369189.22
2s2.2p5.6g,2[,3,4,369198.7
2s2.2p5.6f,2[,3,4,369199.6
2s2.2p5.6g,2[,4,5,369203.4
2s2.2p5.6d,2[,1,370035.6
2s2.2p5.7s,2[,1,370378.6
2s2.2p5.6f,2[,3,4,370547.8
2s2.2p5.6f,2[,3,370548.06
2s2.2p5.6f,2[,2,370548.50
2s2.2p5.6g,2[,4,5,370560.6
2s2.2p5.6g,2[,3,4,370560.6
2s2.2p5.8s,2[,1,371910
2s2.2p5.7d,2[,1,371910
2s2.2p5.7f,2[,1,372407.6
2s2.2p5.7f,2[,2,372407.9
2s2.2p5.7f,2[,4,5,372415.9
2s2.2p5.7g,2[,2,3,372423.4
2s2.2p5.7f,2[,2,3,372425.4
2s2.2p5.7g,2[,5,6,372426.7
2s2.2p5.7g,2[,3,4,372432.3
2s2.2p5.7f,2[,3,4,372433.3
2s2.2p5.7g,2[,4,5,372436.2
2s2.2p5.7d,2[,1,373680
2s2.2p5.8s,2[,1,373680
2s2.2p5.7f,2[,3,4,373787.8
2s2.2p5.7f,2[,2,3,373788.1
2s2.2p5.7g,2[,3,4,373796.4
2s2.2p5.7g,2[,4,5,373796.4
2s2.2p5.9s,2[,1,374450
2s2.2p5.8d,2[,1,374450
2s2.2p5.8f,2[,1,2,374514.9
2s2.2p5.8f,2[,4,5,374520.3
2s2.2p5.8f,2[,3,4,374532.1
2s2.2p5.9d,2[,1,375860
2s2.2p5.8d,2[,1,375860
2s2.2p5.10s,2[,1,375860
2s2.2p5.9s,2[,1,375860
2s2.2p5.8f,2[,2,3,375890.0
2s2.2p5.8f,2[,3,4,375890.0
2s2.2p5.10d,2[,1,376930
2s2.2p5.11s,2[,1,376930
2s2.2p5.10s,2[,1,377240
2s2.2p5.9d,2[,1,377240
2s2.2p5.11d,2[,1,377700
2s2.2p5.12s,2[,1,377700
2s2.2p5.13s,2[,1,378300
2s2.2p5.10d,2[,1,378300
2s2.2p5.11s,2[,1,378300
2s2.2p5.12d,2[,1,378300
2s2.2p5.11d,2[,1,379060
2s2.2p5.12s,2[,1,379060
2s2.2p5.13s,2[,1,379660
2s2.2p5.12d,2[,1,379660
2s2.2p5.13d,2[,1,380140
2s2.2p5.14s,2[,1,380140
Na III (2p5 2P*<3/2>),Li,---,381390.2
Na III (2p5 2P*<1/2>),Li,---,382756.5
2s.2p6.3s,3S,1,530900
2s.2p6.3s,1S,0,534300
2s.2p6.3p,3P,0,1,2,562300
2s.2p6.3p,1P,1,564200
2s.2p6.4s,3S,1,596000
2s.2p6.4s,1S,0,597000
2s.2p6.4p,3P,0,1,2,605800
2s.2p6.4p,1P,1,606500
2s.2p6.5p,1P,1,622400
2s.2p6.6p,1P,1,630200
2s.2p6.7p,1P,1,634700
2s.2p6.8p,1P,1,637400
Na III (2s.2p6 2S<1/2>),Li,---,645800
