2s2.2p6,1S,0,0.0000
2s2.2p5.3s,2[,2,134041.8400
2s2.2p5.3s,2[,1,134459.2871
2s2.2p5.3s,2[,0,134818.6405
2s2.2p5.3s,2[,1,135888.7173
2s2.2p5.3p,2[,1,148257.7898
2s2.2p5.3p,2[,3,149657.0392
2s2.2p5.3p,2[,2,149824.2215
2s2.2p5.3p,2[,1,150121.5922
2s2.2p5.3p,2[,2,150315.8612
2s2.2p5.3p,2[,1,150772.1118
2s2.2p5.3p,2[,2,150858.5079
2s2.2p5.3p,2[,0,150917.4307
2s2.2p5.3p,2[,1,151038.4524
2s2.2p5.3p,2[,0,152970.7328
2s2.2p5.4s,2[,2,158601.1152
2s2.2p5.4s,2[,1,158795.9924
2s2.2p5.4s,2[,0,159379.9935
2s2.2p5.4s,2[,1,159534.6196
2s2.2p5.3d,2[,0,161509.6305
2s2.2p5.3d,2[,1,161524.1739
2s2.2p5.3d,2[,4,161590.3412
2s2.2p5.3d,2[,3,161592.1200
2s2.2p5.3d,2[,2,161607.2609
2s2.2p5.3d,2[,1,161636.6175
2s2.2p5.3d,2[,2,161699.6613
2s2.2p5.3d,2[,3,161701.4486
2s2.2p5.3d,2[,2,162408.6535
2s2.2p5.3d,2[,3,162410.1736
2s2.2p5.3d,2[,2,162419.9818
2s2.2p5.3d,2[,1,162435.6780
2s2.2p5.4p,2[,1,162517.8755
2s2.2p5.4p,2[,3,162830.7073
2s2.2p5.4p,2[,2,162899.1169
2s2.2p5.4p,2[,1,163012.6247
2s2.2p5.4p,2[,2,163038.3544
2s2.2p5.4p,2[,0,163401.3061
2s2.2p5.4p,2[,1,163657.2726
2s2.2p5.4p,2[,1,163707.7261
2s2.2p5.4p,2[,2,163708.6029
2s2.2p5.4p,2[,0,164285.8872
2s2.2p5.5s,2[,2,165828.1766
2s2.2p5.5s,2[,1,165912.7861
2s2.2p5.5s,2[,0,166606.3370
2s2.2p5.5s,2[,1,166656.5114
2s2.2p5.4d,2[,0,166967.6752
2s2.2p5.4d,2[,1,166975.3424
2s2.2p5.4d,2[,4,167000.0317
2s2.2p5.4d,2[,3,167001.1327
2s2.2p5.4d,2[,2,167011.5643
2s2.2p5.4d,2[,1,167026.9923
2s2.2p5.4d,2[,2,167047.6082
2s2.2p5.4d,2[,3,167048.6694
2s2.2p5.4f,2[,1,167052.6415
2s2.2p5.4f,2[,2,167052.6654
2s2.2p5.4f,2[,4,167060.3044
2s2.2p5.4f,2[,5,167060.3115
2s2.2p5.4f,2[,3,167069.0649
2s2.2p5.4f,2[,2,167069.0791
2s2.2p5.4f,2[,3,167076.9837
2s2.2p5.4f,2[,4,167076.9896
2s2.2p5.5p,2[,1,167449.4698
2s2.2p5.5p,2[,3,167559.0633
2s2.2p5.5p,2[,2,167591.2335
2s2.2p5.5p,2[,1,167639.5697
2s2.2p5.5p,2[,2,167648.6382
2s2.2p5.4d,2[,2,167794.9709
2s2.2p5.4d,2[,3,167795.8966
2s2.2p5.4d,2[,2,167796.9475
2s2.2p5.4d,2[,1,167807.7649
2s2.2p5.4f,2[,3,167846.4371
2s2.2p5.4f,2[,4,167846.4456
2s2.2p5.4f,2[,3,167846.6738
2s2.2p5.4f,2[,2,167846.6854
2s2.2p5.5p,2[,0,167867.1941
2s2.2p5.5p,2[,1,168355.4583
2s2.2p5.5p,2[,1,168358.6202
2s2.2p5.5p,2[,2,168378.7113
2s2.2p5.5p,2[,0,168586.8304
2s2.2p5.6s,2[,2,168924.6500
2s2.2p5.6s,2[,1,168967.3526
2s2.2p5.5d,2[,0,169482.9862
2s2.2p5.5d,2[,1,169488.4193
2s2.2p5.5d,2[,4,169501.6353
2s2.2p5.5d,2[,3,169502.2893
2s2.2p5.5d,2[,2,169508.5627
2s2.2p5.5d,2[,1,169516.9948
2s2.2p5.5d,2[,2,169526.2708
2s2.2p5.5d,2[,3,169526.8869
2s2.2p5.5f,2[,1,169530.4673
2s2.2p5.5f,2[,2,169530.4862
2s2.2p5.5f,2[,4,169534.3826
2s2.2p5.5f,2[,5,169534.3865
2s2.2p5.5g,2[,2,169536.8397
2s2.2p5.5g,2[,3,169536.8424
2s2.2p5.5g,2[,5,169538.2097
2s2.2p5.5g,2[,6,169538.2168
2s2.2p5.5f,2[,3,169538.9668
2s2.2p5.5f,2[,2,169538.9794
2s2.2p5.5g,2[,3,169540.8092
2s2.2p5.5g,2[,4,169540.8134
2s2.2p5.5g,2[,4,169542.1973
2s2.2p5.5g,2[,5,169542.2039
2s2.2p5.5f,2[,3,169542.9742
2s2.2p5.5f,2[,4,169542.9772
2s2.2p5.6s,2[,0,169705.9275
2s2.2p5.6s,2[,1,169727.6312
2s2.2p5.6p,2[,1,169748.1423
2s2.2p5.6p,2[,3,169797.1890
2s2.2p5.6p,2[,2,169814.642
2s2.2p5.6p,2[,1,169839.4581
2s2.2p5.6p,2[,2,169843.7973
2s2.2p5.6p,2[,0,169976.7100
2s2.2p5.5d,2[,2,170288.9415
2s2.2p5.5d,2[,2,170289.3243
2s2.2p5.5d,2[,3,170289.6782
2s2.2p5.5d,2[,1,170296.0099
2s2.2p5.5f,2[,3,170317.6829
2s2.2p5.5f,2[,4,170317.6884
2s2.2p5.5f,2[,3,170317.7465
2s2.2p5.5f,2[,2,170317.7594
2s2.2p5.5g,2[,5,170320.1034
2s2.2p5.5g,2[,4,170320.1041
2s2.2p5.5g,2[,4,170320.1185
2s2.2p5.5g,2[,3,170320.1301
2s2.2p5.7s,2[,2,170532.7169
2s2.2p5.7s,2[,1,170557.0484
2s2.2p5.6p,2[,1,170578.3503
2s2.2p5.6p,2[,1,170585.10
2s2.2p5.6p,2[,2,170597.2023
2s2.2p5.6p,2[,0,170689.3736
2s2.2p5.6d,2[,0,170848.274
2s2.2p5.6d,2[,1,170851.3105
2s2.2p5.6d,2[,4,170858.4673
2s2.2p5.6d,2[,3,170858.8729
2s2.2p5.6d,2[,2,170862.9893
2s2.2p5.6d,2[,1,170867.923
2s2.2p5.6d,2[,2,170872.8524
2s2.2p5.6d,2[,3,170873.2327
2s2.2p5.6f,2[,1,170875.7397
2s2.2p5.6f,2[,2,170875.7516
2s2.2p5.6f,2[,4,170878.0021
2s2.2p5.6f,2[,5,170878.0047
2s2.2p5.6g,2[,2,170879.4716
2s2.2p5.6g,2[,3,170879.490
2s2.2p5.6g,2[,5,170880.2759
2s2.2p5.6g,2[,6,170880.2830
2s2.2p5.6f,2[,3,170880.7022
2s2.2p5.6f,2[,2,170880.7114
2s2.2p5.6g,2[,4,170881.7588
2s2.2p5.6g,2[,3,170881.7732
2s2.2p5.6g,2[,4,170882.5960
2s2.2p5.6g,2[,5,170882.6023
2s2.2p5.6f,2[,3,170883.0200
2s2.2p5.6f,2[,4,170883.0230
2s2.2p5.7p,2[,1,171009.21
2s2.2p5.7p,2[,3,171032.821
2s2.2p5.7p,2[,2,171043.69
2s2.2p5.7p,2[,1,171058.0
2s2.2p5.7p,2[,2,171060.19
2s2.2p5.7p,2[,0,171148.750
2s2.2p5.7s,2[,0,171312.8413
2s2.2p5.7s,2[,1,171324.0107
2s2.2p5.8s,2[,2,171473.311
2s2.2p5.8s,2[,1,171489.486
2s2.2p5.6d,2[,2,171639.9741
2s2.2p5.6d,2[,2,171642.1580
2s2.2p5.6d,2[,3,171642.4494
2s2.2p5.6d,2[,1,171644.882
2s2.2p5.6f,2[,3,171659.7487
2s2.2p5.6f,2[,2,171659.7595
2s2.2p5.6f,2[,3,171659.9337
2s2.2p5.6f,2[,4,171659.9376
2s2.2p5.6g,2[,4,171661.4853
2s2.2p5.6g,2[,3,171661.4969
2s2.2p5.6g,2[,4,171661.5046
2s2.2p5.6g,2[,5,171661.5131
2s2.2p5.7d,2[,0,171669.172
2s2.2p5.7d,2[,1,171671.928
2s2.2p5.7d,2[,4,171675.459
2s2.2p5.7d,2[,3,171675.728
2s2.2p5.7d,2[,2,171681.348
2s2.2p5.7d,2[,1,171682.914
2s2.2p5.7d,2[,2,171685.289
2s2.2p5.7d,2[,3,171685.542
2s2.2p5.7f,2[,2,171686.567
2s2.2p5.7f,2[,1,171686.576
2s2.2p5.7f,2[,5,171687.982
2s2.2p5.7f,2[,4,171687.986
2s2.2p5.7g,2[,2,171688.942
2s2.2p5.7g,2[,3,171688.945
2s2.2p5.7g,2[,5,171689.431
2s2.2p5.7g,2[,6,171689.438
2s2.2p5.7f,2[,3,171690.028
2s2.2p5.7f,2[,2,171690.035
2s2.2p5.7g,2[,4,171690.464
2s2.2p5.7g,2[,3,171690.478
2s2.2p5.7g,2[,4,171690.963
2s2.2p5.7g,2[,5,171690.969
2s2.2p5.7f,2[,3,171691.314
2s2.2p5.7f,2[,4,171691.331
2s2.2p5.8p,2[,1,171752.24
2s2.2p5.8p,2[,3,171787.0
2s2.2p5.8p,2[,2,171791.6
2s2.2p5.8p,2[,1,171798.014
2s2.2p5.8p,2[,2,171803.2
2s2.2p5.7p,2[,1,171822.233
2s2.2p5.7p,2[,2,171827.517
2s2.2p5.7p,2[,1,171830.5
2s2.2p5.8p,2[,0,171831.0
2s2.2p5.7p,2[,0,171913.45
2s2.2p5.9s,2[,2,172071.389
2s2.2p5.9s,2[,1,172080.915
2s2.2p5.8d,2[,0,172200.33
2s2.2p5.8d,2[,1,172201.878
2s2.2p5.8d,2[,4,172205.113
2s2.2p5.8d,2[,3,172205.272
2s2.2p5.8d,2[,2,172206.770
2s2.2p5.8d,2[,1,172209.15
2s2.2p5.8d,2[,2,172211.107
2s2.2p5.8d,2[,3,172211.266
2s2.2p5.8f,2[,2,172212.66
2s2.2p5.8f,2[,1,172212.76
2s2.2p5.8f,2[,5,172213.57
2s2.2p5.8f,2[,4,172213.58
2s2.2p5.8f,2[,4,172215.58
2s2.2p5.8f,2[,3,172215.80
2s2.2p5.8s,2[,0,172254.295
2s2.2p5.8s,2[,1,172261.741
2s2.2p5.9p,2[,3,172282.2
2s2.2p5.9p,2[,2,172287.066
2s2.2p5.9p,2[,1,172291.2
2s2.2p5.9p,2[,2,172292.0
2s2.2p5.9p,2[,0,172327.358
2s2.2p5.7d,2[,2,172457.823
2s2.2p5.7d,2[,2,172458.427
2s2.2p5.7d,2[,3,172458.613
2s2.2p5.7d,2[,1,172460.966
2s2.2p5.7f,2[,3,172469.448
2s2.2p5.7f,2[,4,172469.450
2s2.2p5.7f,2[,3,172469.452
2s2.2p5.7f,2[,2,172469.455
2s2.2p5.7g,2[,4,172470.364
2s2.2p5.7g,2[,5,172470.373
2s2.2p5.7g,2[,4,172470.404
2s2.2p5.7g,2[,3,172470.416
2s2.2p5.10s,2[,2,172475.321
2s2.2p5.10s,2[,1,172481.8376
2s2.2p5.8p,2[,1,172562.8
2s2.2p5.9d,2[,0,172564.88
2s2.2p5.9d,2[,1,172565.93
2s2.2p5.9d,2[,4,172567.857
2s2.2p5.9d,2[,3,172568.083
2s2.2p5.9d,2[,2,172569.40
2s2.2p5.9d,2[,1,172570.83
2s2.2p5.9d,2[,2,172572.12
2s2.2p5.9d,2[,3,172572.22
2s2.2p5.8p,2[,2,172573.1
2s2.2p5.9f,2[,5,172573.80
2s2.2p5.9f,2[,4,172573.86
2s2.2p5.9f,2[,3,172574.82
2s2.2p5.9f,2[,2,172574.82
2s2.2p5.9f,2[,4,172575.36
2s2.2p5.9f,2[,3,172575.36
2s2.2p5.8p,2[,0,172599.8
2s2.2p5.10p,2[,1,172619.2
2s2.2p5.10p,2[,3,172623.2
2s2.2p5.10p,2[,1,172630.1
2s2.2p5.10p,2[,2,172630.4
2s2.2p5.10p,2[,0,172665.1
2s2.2p5.11s,2[,2,172759.82
2s2.2p5.11s,2[,1,172764.60
2s2.2p5.10d,2[,0,172824.57
2s2.2p5.10d,2[,1,172825.54
2s2.2p5.10d,2[,4,172827.13
2s2.2p5.10d,2[,3,172827.35
2s2.2p5.10d,2[,2,172827.93
2s2.2p5.10d,2[,1,172829.30
2s2.2p5.10d,2[,2,172830.20
2s2.2p5.10d,2[,3,172830.25
2s2.2p5.9s,2[,0,172852.13
2s2.2p5.9s,2[,1,172857.00
2s2.2p5.11p,2[,2,172871.9
2s2.2p5.11p,2[,1,172871.9
2s2.2p5.12s,2[,2,172968.51
2s2.2p5.12s,2[,1,172972.289
2s2.2p5.8d,2[,2,172987.07
2s2.2p5.8d,2[,2,172987.204
2s2.2p5.8d,2[,3,172987.283
2s2.2p5.8d,2[,1,172988.99
2s2.2p5.8f,2[,4,172994.59
2s2.2p5.8f,2[,3,172994.61
2s2.2p5.8f,2[,2,172994.61
2s2.2p5.8f,2[,3,172994.71
2s2.2p5.11d,2[,0,173017.39
2s2.2p5.11d,2[,1,173017.98
2s2.2p5.11d,2[,3,173018.85
2s2.2p5.11d,2[,4,173018.89
2s2.2p5.11d,2[,2,173020.06
2s2.2p5.11d,2[,1,173020.89
2s2.2p5.11d,2[,2,173020.96
2s2.2p5.11d,2[,3,173021.29
2s2.2p5.9p,2[,2,173065.4
2s2.2p5.9p,2[,0,173097.468
2s2.2p5.13s,2[,2,173126.12
2s2.2p5.13s,2[,1,173128.85
2s2.2p5.12d,2[,1,173163.72
2s2.2p5.12d,2[,3,173164.46
2s2.2p5.12d,2[,4,173164.48
2s2.2p5.12d,2[,2,173165.09
2s2.2p5.12d,2[,1,173166.08
2s2.2p5.12d,2[,2,173166.15
2s2.2p5.12d,2[,3,173166.45
2s2.2p5.14s,2[,1,173249.45
2s2.2p5.10s,2[,0,173255.24
2s2.2p5.10s,2[,1,173259.46
2s2.2p5.13d,2[,1,173277.59
2s2.2p5.13d,2[,4,173278.07
2s2.2p5.13d,2[,3,173278.15
2s2.2p5.13d,2[,1,173279.17
2s2.2p5.13d,2[,2,173280.14
2s2.2p5.15s,2[,1,173345.80
2s2.2p5.9d,2[,2,173349.46
2s2.2p5.9d,2[,2,173349.51
2s2.2p5.9d,2[,3,173349.52
2s2.2p5.9d,2[,1,173350.78
2s2.2p5.14d,2[,1,173367.82
2s2.2p5.14d,2[,1,173368.88
2s2.2p5.16s,2[,1,173422.57
2s2.2p5.15d,2[,1,173440.74
2s2.2p5.15d,2[,1,173441.13
2s2.2p5.17s,2[,1,173485.09
2s2.2p5.16d,2[,1,173500.11
2s2.2p5.18s,2[,1,173536.36
2s2.2p5.11s,2[,1,173543.17
2s2.2p5.17d,2[,1,173549.40
2s2.2p5.19s,2[,1,173580.01
2s2.2p5.18d,2[,1,173590.50
2s2.2p5.10d,2[,2,173608.51
2s2.2p5.10d,2[,2,173608.51
2s2.2p5.10d,2[,3,173608.54
2s2.2p5.10d,2[,1,173609.59
2s2.2p5.20s,2[,1,173616.48
2s2.2p5.19d,2[,1,173625.28
2s2.2p5.20d,2[,1,173655.01
2s2.2p5.12s,2[,1,173751.47
2s2.2p5.11d,2[,1,173801.12
2s2.2p5.13s,2[,1,173908.26
Ne II (2p5 2P*<3/2>),Li,,173929.75
2s2.2p5.12d,2[,1,173945.96
2s2.2p5.14s,2[,1,174029.75
2s2.2p5.13d,2[,1,174059.19
2s2.2p5.15s,2[,1,174125.57
2s2.2p5.14d,2[,1,174149.04
2s2.2p5.16s,2[,1,174202.46
2s2.2p5.15d,2[,1,174221.46
2s2.2p5.17s,2[,1,174265.12
2s2.2p5.16d,2[,1,174280.61
2s2.2p5.18s,2[,1,174316.88
2s2.2p5.17d,2[,1,174329.86
2s2.2p5.19s,2[,1,174360.10
2s2.2p5.18d,2[,1,174371.29
2s2.2p5.20s,2[,1,174396.62
2s2.2p5.19d,2[,1,174405.81
2s2.2p5.20d,2[,1,174435.59
2s.2p6.3p,1P,1,367360
2s.2p6.4p,1P,1,380070
2s.2p6.5p,1P,1,384670
2s.2p6.6p,1P,1,386880
2s.2p6.7p,1P,1,388080
2s.2p6.8p,1P,1,388820
2s.2p6.9p,1P,1,389330
2s.2p6.10p,1P,1,389670
2s.2p6.11p,1P,1,389920
2s.2p6.12p,1P,1,390090
