4f5.6s,7H,2,0.00
4f5.6s,7H,3,446.45
4f5.6s,7H,4,1133.45
4f5.6s,5H,3,1602.97
4f5.6s,7H,5,1983.52
4f5.6s,5H,4,2666.76
4f5.6s,7H,6,2950.31
4f5.6s,5H,5,3812.31
4f5.6s,7H,7,4000.15
4f5.6s,5H,6,5017.77
4f5.6s,7F,0,5280.88
4f5.5d,7K,4,5332.36
4f5.6s,7F,1,5391.46
4f5.6s,7F,2,5632.40
4f5.6s,7F,3,6048.50
4f5.5d,7K,5,6131.47
4f5.6s,5F,1,6629.40
4f5.6s,7F,4,6705.18
4f5.6s,5F,2,7012.87
4f5.5d,7K,6,7040.66
4f5.6s,5F,3,7701.09
4f5.5d,7K,7,8041.72
4f5.5d,7K,8,9119.34
,,3,15543.14
,,2,15968.09
,,5,17561.95
,,5,17609.00
,,6,17610.00
,,5,17612.84
,,5,17712.15
,,6,17834.96
,,5,18419.45
,,5,18635.29
,,6,18687.53
,,6,18736.10
,,6,19114.25
,,6,19750.03
,,6,20134.63
,,7,21139.14
,,2,22377.66
,,2,22774.24
,,3,23261.30
,,5,23302.12
,,2,23499.82
,,4,23541.00
,,3,23761.98
,,2,24023.04
,,3,24024.75
,,4,24157.20
,,4,24311.93
,,2,24404.51
,,4,24464.73
,,3,24466.32
,,2,24505.57
,,3,24527.89
,,4,24762.58
,,5,24771.46
,,3,25006.51
,,5,25015.69
,,6,25094.33
,,4,25099.22
,,4,25213.82
,,5,25258.71
,,4,25264.46
,,2,25323.09
,,5,25365.66
,,1,25447.33
,,5,25598.60
,,2,25726.08
,,3,25737.07
,,2,26017.92
,,6,26027.56
,,5,26038.04
,,4,26067.53
,,5,26132.87
,,6,26169.85
,,5,26309.89
,,2,26320.95
,,6,26392.53
,,3,26460.58
,,5,26574.58
,,3,26771.13
,,6,26834.20
,,4,27005.58
,,2,27094.25
,,6,27097.38
,,7,27110.08
,,4,27115.95
,,3,27126.19
,,4,27230.36
,,2,27256.71
,,5,27356.20
,,6,27379.79
,,4,27399.87
,,5,27438.30
,,3,27526.77
,,2,27587.88
,,1,27616.10
,,3,27622.53
,,6,27645.16
,,7,27678.03
,,3,27765.61
,,3,27848.71
,,4,27894.03
,,3,27991.45
,,5,28061.10
,,7,28066.15
,,4,28133.56
,,3,28166.72
,,4,28227.39
,,6,28271.15
,,5,28296.71
,,5,28324.75
,,4,28401.54
,,5,28444.27
,,6,28487.33
,,2,28499.09
,,5,28507.50
,,1,28507.58
,,7,28516.85
,,5,28642.00
,,4,28765.64
,,1,28819.06
,,4,28930.06
,,5,29057.65
,,5,29368.84
,,4,29400.84
,,4,29468.44
,,6,29586.34
,,6,29662.69
,,5,29693.40
,,1,29802.52
,,5,29863.62
,,5 or 6,29967.46
,,6,29987.92
,,6,30089.49
,,2,30142.21
,,1,30172.01
,,2,30216.86
,,1,30402.81
,,3,30477.48
,,5,30532.47
,,5,30547.86
,,1,30612.37
,,6,30688.69
,,3,30736.73
,,7,30814.52
,,2,30996.26
,,3,31085.12
,,5,31251.94
,,6?,31367.37
,,3,31474.36
,,4,31558.10
,,2,31632.30
,,3,31778.84
,,4,31805.86
,,7,31851.14
,,2,32321.10
,,2,32420.83
,,5,32551.40
,,2,32700.82
,,3,32755.89
,,2,32847.03
,,2,32947.27
,,1,32973.73
,,6,32974.29
,,1,33067.34
,,3,33079.50
,,2,33111.77
,,1,33272.56
,,2,33380.55
,,1,33551.90
,,1,33641.58
Pm III (4f5.5s2.5p6 6H*<5/2>),Li,,87900
