3d10,1S,0,0
3d9.4s,(5,3,983833
3d9.4s,(5,2,987495
3d9.4s,(3,1,998434
3d9.4s,(3,2,1002544
3d9.4p,(5,2,1161832
3d9.4p,(5,3,1167869
3d9.4p,(5,1,1177771
3d9.4p,(3,2,1179260
3d9.4p,(5,4,1181040
3d9.4p,(3,0,1187844
3d9.4p,(5,2,1189806
3d9.4p,(5,3,1192284
3d9.4p,(3,1,1193740
3d9.4p,(3,3,1199640
3d9.4p,(3,1,1203435
3d9.4p,(3,2,1206182
3d9.4d,(5,1,1458431
3d9.4d,(5,4,1473177
3d9.4d,(5,5,1473541
3d9.4d,(5,2,1474377
3d9.4d,(5,1,1474535
3d9.4d,(5,3,1477995
3d9.4d,(5,3,1480546
3d9.4d,(3,0,1481948
3d9.4d,(5,2,1482467
3d9.4d,(5,4,1483205
3d9.4d,(3,1,1485206
3d9.4d,(3,3,1488620
3d9.4d,(3,1,1489965
3d9.4d,(3,4,1492374
3d9.4d,(3,2,1495560
3d9.4d,(3,2,1497762
3d9.4d,(3,3,1498266
3d9.4d,(5,0,1573000
3d9.4f,(5,1,1743100
3d9.4f,(5,6,1747203
3d9.4f,(5,5,1748265
3d9.4f,(5,4,1753657
3d9.4f,(5,5,1753970
3d9.4f,(5,1,1755900
3d9.4f,(3,4,1763754
3d9.4f,(3,5,1764517
3d9.4f,(3,4,1769379
3d9.4f,(3,1,1781900
3d9.5p,(5,1,1814900
3d9.5p,(3,1,1824800
3d9.5f,(5,1,2067000
3d9.5f,(3,1,2086400
3d9.6f,(5,1,2236600
3d9.6f,(3,1,2251700
Sr XII (3d9 2D<5/2>),Li,,2613800
