4p6,1S,0,0.0
4p5.4d,2[,0,176434.77
4p5.4d,2[,1,177698.19
4p5.4d,2[,2,180213.47
4p5.4d,2[,4,183123.42
4p5.4d,2[,3,185105.87
4p5.4d,2[,2,187564.70
4p5.5s,2[,2,192655.86
4p5.4d,2[,3,193106.27
4p5.5s,2[,1,194411.46
4p5.4d,2[,2,196290.12
4p5.4d,2[,1,197225.97
4p5.4d,2[,2,198738.14
4p5.4d,2[,3,199916.00
4p5.5s,2[,0,202081.34
4p5.5s,2[,1,203342.00
4p5.5p,2[,1,221795.40
4p5.5p,2[,2,225310.67
4p5.5p,2[,3,225843.11
4p5.5p,2[,1,227495.38
4p5.5p,2[,2,228539.04
4p5.4d,2[,1,228708.73
4p5.5p,2[,0,232236.60
4p5.5p,2[,1,234753.44
4p5.5p,2[,2,236636.50
4p5.5p,2[,1,236855.60
4p5.5p,2[,0,241000.51
4p5.5d,2[,0,268448.63
4p5.6s,2[,2,268660.40
4p5.5d,2[,1,268960.97
4p5.6s,2[,1,269388.34
4p5.5d,2[,4,269810.66
4p5.5d,2[,2,270011.52
4p5.5d,2[,3,270340.60
4p5.5d,2[,2,271164.97
4p5.5d,2[,3,271723.37
4p5.5d,2[,1,275109.48
4p5.6s,2[,0,278375.24
4p5.6s,2[,1,278706.16
4p5.5d,2[,2,279794.58
4p5.4f,2[,1,279824.21
4p5.6p,2[,1,280069.03
4p5.5d,2[,2,280126.39
4p5.4f,2[,2,280180.56
4p5.5d,2[,3,280523.88
4p5.4f,2[,5,280662.31
4p5.4f,2[,4,280806.83
4p5.4f,2[,3,280920.71
4p5.6p,2[,2,281032.70
4p5.6p,2[,3,281459.61
4p5.4f,2[,2,281821.37
4p5.4f,2[,3,281886.39
4p5.6p,2[,1,281919.00
4p5.4f,2[,4,281955.93
4p5.6p,2[,2,282324.73
4p5.6p,2[,0,283933.04
4p5.5d,2[,1,284397.70
4p5.6p,2[,1,290618.19
4p5.4f,2[,3,290733.53
4p5.4f,2[,3,290831.39
4p5.4f,2[,4,290926.59
4p5.4f,2[,2,291211.88
4p5.6p,2[,1,291259.30
4p5.6p,2[,2,291377.76
4p5.6p,2[,0,292481.99
4p5.7s,2[,2,299030.32
4p5.6d,2[,0,299245.80
4p5.7s,2[,1,299303.66
4p5.6d,2[,1,299555.53
4p5.6d,2[,4,299825.06
4p5.6d,2[,2,299973.22
4p5.6d,2[,3,300047.16
4p5.6d,2[,2,300413.72
4p5.6d,2[,3,300621.60
4p5.6d,2[,1,302422.24
4p5.5f,2[,1,303474.46
4p5.5f,2[,2,303763.69
4p5.5f,2[,5,304101.96
4p5.5f,2[,4,304205.62
4p5.5f,2[,3,304276.99
4p5.5f,2[,3,304767.70
4p5.5f,2[,2,304767.81
4p5.5f,2[,4,304819.93
4p5.5g,2[,2,305981.33
4p5.5g,2[,3,305984.65
4p5.5g,2[,6,306059.06
4p5.5g,2[,5,306060.19
4p5.5g,2[,4,306220.26
4p5.5g,2[,3,306222.46
4p5.5g,2[,4,306305.35
4p5.5g,2[,5,306305.90
4p5.7s,2[,0,308730.79
4p5.7s,2[,1,308869.14
4p5.6d,2[,2,309616.33
4p5.6d,2[,2,309701.00
4p5.6d,2[,3,309921.97
4p5.6d,2[,1,310935.11
4p5.5f,2[,3,313679.69
4p5.5f,2[,3,314012.50
4p5.5f,2[,4,314095.05
4p5.5f,2[,2,314149.62
4p5.5g,2[,4,315872.86
4p5.5g,2[,5,315873.75
4p5.5g,2[,4,315877.00
4p5.5g,2[,3,315881.55
4p5.7d,2[,1,316348.6
4p5.6f,2[,1,316465.17
4p5.6f,2[,2,316756.85
4p5.6f,2[,5,316977.60
4p5.6f,2[,4,317046.32
4p5.6f,2[,3,317118.40
4p5.6f,2[,3,317382.62
4p5.6f,2[,2,317399.80
4p5.6f,2[,4,317414.00
4p5.6g,2[,2,318198.53
4p5.6g,2[,3,318202.36
4p5.6g,2[,6,318242.47
4p5.6g,2[,5,318243.67
4p5.6g,2[,4,318341.99
4p5.6g,2[,3,318344.19
4p5.6h,2[,3,318355.44
4p5.6h,2[,4,318355.50
4p5.6h,2[,6,318374.98
4p5.6h,2[,7,318374.99
4p5.6g,2[,4,318388.20
4p5.6g,2[,5,318388.67
4p5.6h,2[,4,318430.76
4p5.6h,2[,5,318430.79
4p5.6h,2[,5,318451.96
4p5.6h,2[,6,318451.99
4p5.7f,2[,5,324741.95
4p5.7f,2[,4,324784.13
4p5.7d,2[,1,325542.
4p5.7g,2[,6,325588.12
4p5.7g,2[,5,325589.55
4p5.7h,2[,7,325676.86
4p5.7g,2[,4,325676.89
4p5.7g,2[,5,325677.45
4p5.6f,2[,3,326823.55
4p5.6f,2[,4,326879.63
4p5.6g,2[,4,328021.35
4p5.6g,2[,5,328022.20
4p5.6g,2[,4,328024.86
4p5.6g,2[,3,328027.09
4p5.6h,2[,5,328131.48
4p5.6h,2[,6,328131.56
4p5.6h,2[,4,328132.83
4p5.6h,2[,5,328132.91
4p5.8f,2[,5,329763.69
Sr IV (4p5 2P*<3/2>),Li,,345879.0
