2s2.2p6,1S,0,0
2s2.2p5.3s,(3,2,3698153
2s2.2p5.3s,(3,1,3709200
2s2.2p5.3s,(1,0,3745238
2s2.2p5.3s,(1,1,3753600
2s2.2p5.3p,2[,1,3879444
2s2.2p5.3p,2[,2,3906203
2s2.2p5.3p,2[,3,3908849
2s2.2p5.3p,2[,1,3918095
2s2.2p5.3p,2[,2,3926887
2s2.2p5.3p,2[,0,3949910
2s2.2p5.3p,2[,1,3951159
2s2.2p5.3p,2[,1,3964847
2s2.2p5.3p,2[,2,3965425
2s2.2p5.3p,2[,0,4060030
2s2.2p5.3d,2[,0,4163874
2s2.2p5.3d,2[,1,4168326
2s2.2p5.3d,2[,2,4177038
2s2.2p5.3d,2[,4,4179462
2s2.2p5.3d,2[,3,4184514
2s2.2p5.3d,2[,2,4193932
2s2.2p5.3d,2[,3,4199685
2s2.2p5.3d,2[,1,4219800
2s2.2p5.3d,2[,2,4233020
2s2.2p5.3d,2[,2,4237394
2s2.2p5.3d,2[,3,4238843
2s2.2p5.3d,2[,1,4281600
2s.2p6.3s,3S,1,4530260
2s.2p6.3p,3P,0,4731780
2s.2p6.3p,3P,1,4733300
2s.2p6.3p,3P,2,4741030
2s.2p6.3p,1P,1,4754000
2s2.2p5.4s,(3,2,4963878
2s2.2p5.4s,(3,1,4966500
2s.2p6.3d,3D,1,5003600
2s.2p6.3d,3D,2,5004030
2s.2p6.3d,3D,3,5004740
2s.2p6.3d,1D,2,5009000
2s2.2p5.4s,(1,1,5014300
2s2.2p5.4p,2[,2,5047200
2s2.2p5.4p,2[,3,5047533
2s2.2p5.4p,2[,1,5049900
2s2.2p5.4p,2[,2,5097300
2s2.2p5.4d,2[,1,5141514
2s2.2p5.4d,2[,4,5144529
2s2.2p5.4d,2[,2,5145204
2s2.2p5.4d,2[,3,5146743
2s2.2p5.4d,2[,2,5150335
2s2.2p5.4d,2[,3,5152207
2s2.2p5.4d,2[,1,5163700
2s2.2p5.4f,2[,5,5188812
2s2.2p5.4f,2[,4,5188814
2s2.2p5.4f,2[,2,5191010
2s2.2p5.4f,2[,1,5191014
2s2.2p5.4f,2[,2,5191256
2s2.2p5.4f,2[,3,5191932
2s2.2p5.4f,2[,4,5192205
2s2.2p5.4f,2[,3,5192368
2s2.2p5.4d,2[,2,5193359
2s2.2p5.4d,2[,2,5194527
2s2.2p5.4d,2[,3,5196075
2s2.2p5.4d,2[,1,5207200
2s2.2p5.4f,2[,3,5237320
2s2.2p5.4f,2[,4,5237513
2s2.2p5.4f,2[,2,5237690
2s2.2p5.4f,2[,3,5239054
2s2.2p5.5d,2[,1,5596300
2s2.2p5.5f,2[,5,5607000
2s2.2p5.5d,2[,1,5641100
Ti XIV (2p5 2P*<3/2>),Li,,6353000
