5d10,1S,0,0.0
5d9.6s,(5,3,75049.6
5d9.6s,(5,2,78644.0
5d9.6s,(3,1,93674.8
5d9.6s,(3,2,96725.1
5d9.6p,(5,2,147632.4
5d9.6p,(5,3,149837.4
5d9.6p,(3,2,166421.6
5d9.6p,(5,1,167498.0
5d9.6p,(5,4,167670.4
5d9.6p,(5,2,170333.2
5d9.6p,(5,3,172272.8
5d9.6p,(3,1,175286.0
5d9.6p,(3,0,183087.5
5d9.6p,(3,3,187672.5
5d9.6p,(3,1,188230.4
5d9.6p,(3,2,190142.4
5d9.6d,(5,1,251803.0
5d9.6d,(5,4,254157.1
5d9.6d,(5,2,254633.2
5d9.7s,(5,3,255082.0
5d9.6d,(5,1,255693.4
5d9.6d,(5,5,255835.4
5d9.6d,(5,3,256070.2
5d9.7s,(5,2,256162.4
5d9.6d,(5,3,257750.4
5d9.6d,(5,2,257925.2
5d9.6d,(5,4,258286.0
5d9.6d,(5,0,262284.3
5d9.6d,(3,1,272533.6
5d9.6d,(3,3,272806.7
5d9.6d,(3,1,273797.0
5d9.7s,(3,2,274393.7
5d9.7s,(3,1,274770.5
5d9.6d,(3,2,275160.5
5d9.6d,(3,4,275233.5
5d9.6d,(3,2,276161.8
5d9.6d,(3,3,276865.9
5d9.6d,(3,0,282990
5d9.8s,(5,3,320563.5
5d9.8s,(5,2,321018.1
5d9.8s,(3,1,339203.7
5d9.8s,(3,2,339458.0
Tl V (5d9 2D<5/2>),Li,,412500
