2s2.2p6,1S,0,0
2s2.2p5.3s,(3,2,4190606
2s2.2p5.3s,(3,1,4202700
2s2.2p5.3s,(1,0,4248410
2s2.2p5.3s,(1,1,4257100
2s2.2p5.3p,2[,1,4387211
2s2.2p5.3p,2[,2,4414607
2s2.2p5.3p,2[,3,4419174
2s2.2p5.3p,2[,1,4428554
2s2.2p5.3p,2[,2,4438597
2s2.2p5.3p,2[,0,4466070
2s2.2p5.3p,2[,1,4469715
2s2.2p5.3p,2[,1,4485944
2s2.2p5.3p,2[,2,4487045
2s2.2p5.3p,2[,0,4585819
2s2.2p5.3d,2[,0,4692510
2s2.2p5.3d,2[,1,4696000
2s2.2p5.3d,2[,2,4708057
2s2.2p5.3d,2[,4,4710105
2s2.2p5.3d,2[,3,4715469
2s2.2p5.3d,2[,2,4726016
2s2.2p5.3d,2[,3,4732377
2s2.2p5.3d,2[,1,4757800
2s2.2p5.3d,2[,2,4774275
2s2.2p5.3d,2[,2,4779239
2s2.2p5.3d,2[,3,4781291
2s2.2p5.3d,2[,1,4827200
2s.2p6.3p,3P,1,5299000
2s.2p6.3p,1P,1,5324000
2s2.2p5.4s,3P,1,5632000
2s2.2p5.4s,1P,1,5690000
2s2.2p5.4p,2[,3,5721285
2s2.2p5.4p,2[,2,5782170
2s2.2p5.4d,2[,0,5821381
2s2.2p5.4d,2[,1,5823811
2s2.2p5.4d,2[,4,5827194
2s2.2p5.4d,2[,3,5829497
2s2.2p5.4d,2[,2,5833302
2s2.2p5.4d,2[,3,5835457
2s2.2p5.4d,2[,1,5850000
2s2.2p5.4f,2[,2,5875800
2s2.2p5.4f,2[,5,5876175
2s2.2p5.4f,2[,4,5876259
2s2.2p5.4f,2[,1,5877442
2s2.2p5.4f,2[,3,5879567
2s2.2p5.4f,2[,3,5879633
2s2.2p5.4f,2[,4,5879941
2s2.2p5.4f,2[,2,5880100
2s2.2p5.4d,2[,2,5886695
2s2.2p5.4d,2[,2,5888124
2s2.2p5.4d,2[,3,5889775
2s2.2p5.4d,2[,1,5904000
2s2.2p5.4f,2[,3,5935375
2s2.2p5.4f,2[,2,5935500
2s2.2p5.4f,2[,4,5935911
2s2.2p5.4f,2[,3,5937239
2s2.2p5.5d,2[,1,6350000
2s2.2p5.5d,2[,1,6407000
V XV (2p5 2P*<3/2>),Li,,7227000
