5p6,1S,0,0.000
5p5.6s,2[,2,67067.547
5p5.6s,2[,1,68045.156
5p5.6s,2[,0,76196.767
5p5.6s,2[,1,77185.041
5p5.6p,2[,1,77269.145
5p5.6p,2[,2,78119.798
5p5.6p,2[,3,78403.061
5p5.6p,2[,1,78956.031
5p5.6p,2[,2,79212.465
5p5.5d,2[,0,79771.267
5p5.5d,2[,1,79986.618
5p5.6p,2[,0,80118.962
5p5.5d,2[,4,80196.629
5p5.5d,2[,2,80322.746
5p5.5d,2[,3,80970.438
5p5.5d,2[,2,81925.514
5p5.5d,2[,3,82430.204
5p5.5d,2[,1,83889.971
5p5.7s,2[,2,85188.777
5p5.7s,2[,1,85440.017
5p5.7p,2[,1,87927.131
5p5.7p,2[,2,88351.681
5p5.6p,2[,1,88379.126
5p5.7p,2[,3,88469.213
5p5.6d,2[,0,88491.020
5p5.6d,2[,1,88549.775
5p5.7p,2[,2,88686.500
5p5.6d,2[,2,88708.466
5p5.7p,2[,1,88744.559
5p5.7p,2[,0,88842.256
5p5.6d,2[,4,88911.692
5p5.6d,2[,3,89024.890
5p5.6p,2[,2,89162.356
5p5.6d,2[,2,89243.258
5p5.6p,2[,1,89278.706
5p5.6d,2[,3,89534.568
5p5.6p,2[,0,89860.015
5p5.6d,2[,1,90032.155
5p5.8s,2[,2,90804.538
5p5.4f,2[,1,90839.777
5p5.4f,2[,2,90849.440
5p5.4f,2[,5,90860.655
5p5.4f,2[,4,90861.506
5p5.4f,2[,3,90907.090
5p5.4f,2[,2,90910.052
5p5.8s,2[,1,90932.432
5p5.4f,2[,3,90944.050
5p5.4f,2[,4,90944.133
5p5.5d,2[,2,91152.670
5p5.5d,2[,2,91447.474
5p5.5d,2[,3,91746.564
5p5.7d,2[,1,92128.287
5p5.8p,2[,1,92153.279
5p5.8p,2[,2,92221.362
5p5.7d,2[,0,92259.931
5p5.8p,2[,3,92264.950
5p5.8p,2[,1,92333.066
5p5.8p,2[,2,92370.923
5p5.7d,2[,4,92444.927
5p5.8p,2[,0,92555.135
5p5.7d,2[,3,92646.125
5p5.7d,2[,2,92678.516
5p5.7d,2[,1,92714.038
5p5.7d,2[,2,92721.530
5p5.7d,2[,3,92733.597
5p5.5f,2[,1,93362.671
5p5.5f,2[,2,93366.245
5p5.5f,2[,5,93377.475
5p5.5f,2[,4,93378.199
5p5.9s,2[,2,93398.253
5p5.5f,2[,3,93401.466
5p5.5f,2[,2,93403.966
5p5.5f,2[,3,93420.823
5p5.5f,2[,4,93420.901
5p5.5g,2[,2,93421.22
5p5.5g,2[,3,93421.53
5p5.9s,2[,1,93422.108
5p5.5g,2[,6,93427.38
5p5.5g,2[,5,93427.38
5p5.5g,2[,4,93439.76
5p5.5g,2[,3,93439.76
5p5.5g,2[,5,93446.13
5p5.5g,2[,4,93446.13
5p5.5d,2[,1,93618.24
5p5.9p,2[,1,94066.95
5p5.9p,2[,2,94110.15
5p5.8d,2[,0,94124.342
5p5.9p,2[,3,94134.53
5p5.9p,2[,1,94168.86
5p5.9p,2[,2,94190.24
5p5.8d,2[,4,94226.320
5p5.8d,2[,1,94228.004
5p5.9p,2[,0,94285.50
5p5.8d,2[,2,94285.651
5p5.8d,2[,3,94290.225
5p5.8d,2[,2,94339.433
5p5.8d,2[,3,94369.995
5p5.8d,2[,1,94685.467
5p5.6f,2[,1,94734.882
5p5.6f,2[,2,94737.121
5p5.6f,2[,5,94744.198
5p5.6f,2[,4,94744.718
5p5.6f,2[,3,94758.116
5p5.10s,2[,2,94759.927
5p5.6f,2[,2,94759.935
5p5.6f,2[,3,94769.465
5p5.6f,2[,4,94769.524
5p5.10s,2[,1,94787.084
5p5.10p,2[,1,95154.37
5p5.9d,2[,0,95179.580
5p5.10p,2[,2,95181.66
5p5.10p,2[,3,95196.53
5p5.10p,2[,1,95216.46
5p5.9d,2[,1,95228.399
5p5.10p,2[,2,95229.59
5p5.9d,2[,4,95249.953
5p5.9d,2[,2,95274.415
5p5.9d,2[,3,95283.008
5p5.10p,2[,0,95286.06
5p5.9d,2[,2,95313.401
5p5.9d,2[,3,95334.723
5p5.9d,2[,1,95498.48
5p5.7f,2[,1,95561.074
5p5.7f,2[,2,95562.546
5p5.7f,2[,5,95567.14
5p5.7f,2[,4,95567.48
5p5.7f,2[,3,95575.960
5p5.7f,2[,2,95577.20
5p5.11s,2[,2,95578.961
5p5.7f,2[,3,95583.08
5p5.7f,2[,4,95583.16
5p5.11s,2[,1,95590.97
5p5.7s,2[,0,95720.95
5p5.7s,2[,1,95800.584
5p5.11p,2[,1,95830.8
5p5.11p,2[,2,95848.6
5p5.11p,2[,3,95858.18
5p5.11p,2[,1,95870.69
5p5.11p,2[,2,95879.40
5p5.10d,2[,4,95892.194
5p5.10d,2[,0,95896.25
5p5.10d,2[,2,95904.600
5p5.10d,2[,3,95912.003
5p5.10d,2[,1,95912.880
5p5.11p,2[,0,95915.53
5p5.10d,2[,2,95931.80
5p5.10d,2[,3,95946.582
5p5.10d,2[,1,96045.77
5p5.8f,2[,1,96096.25
5p5.8f,2[,2,96097.31
5p5.8f,2[,5,96100.60
5p5.8f,2[,4,96100.75
5p5.8f,2[,3,96106.31
5p5.8f,2[,2,96107.36
5p5.12s,2[,2,96109.22
5p5.8f,2[,3,96111.17
5p5.8f,2[,4,96111.24
5p5.12s,2[,1,96122.77
5p5.12p,2[,1,96279.6
5p5.12p,2[,2,96292.0
5p5.12p,2[,3,96298.95
5p5.11d,2[,0,96304.62
5p5.12p,2[,1,96306.86
5p5.12p,2[,2,96312.89
5p5.11d,2[,1,96315.16
5p5.11d,2[,4,96321.55
5p5.11d,2[,2,96328.62
5p5.11d,2[,3,96334.479
5p5.12p,2[,0,96337.82
5p5.11d,2[,2,96348.03
5p5.11d,2[,3,96358.56
5p5.11d,2[,1,96423.77
5p5.9f,2[,1,96462.63
5p5.9f,2[,2,96463.27
5p5.9f,2[,5,96465.63
5p5.9f,2[,4,96465.72
5p5.9f,2[,3,96469.73
5p5.9f,2[,2,96470.39
5p5.13s,2[,2,96472.13
5p5.9f,2[,3,96473.15
5p5.9f,2[,4,96473.15
5p5.13s,2[,1,96480.62
5p5.13p,2[,2,96601.6
5p5.13p,2[,3,96606.77
5p5.12d,2[,0,96608.6
5p5.12d,2[,1,96616.295
5p5.13p,2[,2,96616.90
5p5.12d,2[,4,96622.710
5p5.12d,2[,2,96627.017
5p5.12d,2[,3,96631.610
5p5.13p,2[,0,96634.09
5p5.12d,2[,2,96641.306
5p5.12d,2[,3,96649.083
5p5.12d,2[,1,96694.39
5p5.10f,2[,1,96724.5
5p5.10f,2[,2,96725.3
5p5.10f,2[,5,96726.47
5p5.10f,2[,4,96726.56
5p5.10f,2[,3,96729.49
5p5.10f,2[,2,96730.1
5p5.14s,2[,2,96731.584
5p5.10f,2[,3,96732.0
5p5.14s,2[,1,96737.710
5p5.14p,2[,2,96827.0
5p5.14p,2[,3,96830.14
5p5.13d,2[,0,96831.2
5p5.13d,2[,1,96836.723
5p5.14p,2[,2,96837.14
5p5.13d,2[,4,96842.085
5p5.13d,2[,2,96844.875
5p5.13d,2[,3,96848.494
5p5.14p,2[,0,96851.0
5p5.13d,2[,2,96855.664
5p5.13d,2[,3,96861.540
5p5.13d,2[,1,96894.5
5p5.11f,2[,1,96917.6
5p5.11f,2[,2,96918.6
5p5.11f,2[,4,96919.21
5p5.11f,2[,5,96919.21
5p5.11f,2[,3,96921.51
5p5.11f,2[,2,96922.2
5p5.15s,2[,2,96923.283
5p5.11f,2[,3,96923.6
5p5.15s,2[,1,96927.863
5p5.15p,2[,1,96990.2
5p5.15p,2[,2,96995.5
5p5.14d,2[,0,96998.4
5p5.15p,2[,3,96998.7
5p5.14d,2[,1,97002.451
5p5.15p,2[,2,97004.0
5p5.14d,2[,4,97006.822
5p5.14d,2[,2,97008.710
5p5.14d,2[,3,97011.593
5p5.15p,2[,0,97013.8
5p5.14d,2[,2,97017.046
5p5.14d,2[,3,97021.590
5p5.14d,2[,1,97046.4
5p5.12f,2[,1,97064.6
5p5.12f,2[,2,97065.3
5p5.12f,2[,2,97068.1
5p5.16s,2[,2,97068.986
5p5.12f,2[,3,97069.2
5p5.16s,2[,1,97072.525
5p5.16p,2[,1,97121.1
5p5.16p,2[,2,97124.8
5p5.15d,2[,0,97127.115
5p5.15d,2[,1,97130.101
5p5.16p,2[,2,97131.4
5p5.15d,2[,4,97133.664
5p5.15d,2[,2,97134.992
5p5.15d,2[,3,97137.316
5p5.16p,2[,0,97139.0
5p5.15d,2[,2,97141.557
5p5.15d,2[,3,97145.141
5p5.15d,2[,1,97164.180
5p5.13f,2[,1,97178.8
5p5.13f,2[,2,97179.4
5p5.13f,2[,2,97181.5
5p5.17s,2[,2,97182.316
5p5.13f,2[,3,97182.4
5p5.17s,2[,1,97185.120
5p5.17p,2[,1,97223.4
5p5.17p,2[,2,97226.5
5p5.16d,2[,0,97228.179
5p5.16d,2[,1,97230.5
5p5.17p,2[,2,97231.7
5p5.16d,2[,4,97233.418
5p5.16d,2[,2,97234.379
5p5.16d,2[,3,97236.276
5p5.17p,2[,0,97237.8
5p5.16d,2[,2,97239.641
5p5.16d,2[,3,97241.516
5p5.16d,2[,1,97257.488
5p5.14f,2[,1,97269.
5p5.14f,2[,2,97270.0
5p5.14f,2[,2,97271.4
5p5.18s,2[,2,97272.195
5p5.18s,2[,1,97274.447
5p5.18p,2[,1,97305.2
5p5.18p,2[,2,97307.9
5p5.17d,2[,0,97309.1
5p5.17d,2[,1,97310.8
5p5.18p,2[,2,97312.0
5p5.17d,2[,4,97313.272
5p5.17d,2[,2,97313.986
5p5.17d,2[,3,97315.551
5p5.18p,2[,0,97316.8
5p5.17d,2[,2,97318.266
5p5.17d,2[,3,97320.606
5p5.17d,2[,1,97332.598
5p5.15f,2[,1,97342.3
5p5.15f,2[,2,97342.9
5p5.15f,2[,2,97344.5
5p5.19s,2[,2,97344.679
5p5.19s,2[,1,97346.555
5p5.19p,2[,1,97371.6
5p5.19p,2[,2,97373.7
5p5.18d,2[,0,97374.6
5p5.18d,2[,1,97376.175
5p5.19p,2[,2,97377.2
5p5.18d,2[,4,97378.188
5p5.18d,2[,2,97378.731
5p5.18d,2[,3,97380.036
5p5.19p,2[,0,97381.0
5p5.18d,2[,2,97382.258
5p5.18d,2[,3,97384.187
5p5.18d,2[,1,97393.946
5p5.16f,2[,1,97402.2
5p5.16f,2[,2,97402.4
5p5.16f,2[,2,97403.8
5p5.20s,2[,2,97403.985
5p5.20s,2[,1,97405.556
5p5.20p,2[,2,97428.1
5p5.19d,2[,0,97428.6
5p5.19d,2[,1,97429.982
5p5.20p,2[,2,97431.0
5p5.19d,2[,4,97431.677
5p5.19d,2[,2,97432.098
5p5.19d,2[,3,97433.195
5p5.20p,2[,0,97434.2
5p5.19d,2[,2,97435.037
5p5.19d,2[,3,97436.646
5p5.19d,2[,1,97444.695
5p5.17f,2[,1,97451.6
5p5.17f,2[,2,97452.2
5p5.17f,2[,2,97453.2
5p5.20d,2[,0,97473.6
5p5.20d,2[,1,97474.831
5p5.20d,2[,4,97476.269
5p5.20d,2[,2,97476.602
5p5.20d,2[,3,97477.532
5p5.20d,2[,2,97479.076
5p5.20d,2[,3,97480.431
5p5.20d,2[,1,97487.150
5p5.18f,2[,1,97493.0
5p5.18f,2[,2,97493.5
5p5.18f,2[,2,97494.3
5p5.19f,2[,1,97528.1
5p5.19f,2[,2,97528.5
5p5.19f,2[,2,97529.2
5p5.20f,2[,1,97557.9
Xe II (5s2.5p5 2P*<3/2>),Li,,97833.787
5p5.7p,2[,1,98855.0
5p5.7p,2[,1,99052.8
5p5.7p,2[,2,99068.4
5p5.6d,2[,1,100418.
5p5.4f,2[,4,101424.8
5p5.4f,2[,3,101424.8
5p5.4f,2[,3,101424.8
5p5.8s,2[,1,101426.
5p5.4f,2[,2,101429.3
5p5.7d,2[,1,103419.
5p5.5f,2[,4,103928.2
5p5.5f,2[,3,103928.2
5p5.5f,2[,3,103928.2
5p5.5f,2[,2,103931.4
5p5.9s,2[,1,103954.
5p5.8d,2[,1,105013.
5p5.6f,2[,4,105288.2
5p5.6f,2[,3,105288.2
5p5.6f,2[,3,105288.2
5p5.6f,2[,2,105288.2
5p5.10s,2[,1,105303.7
5p5.9d,2[,1,105941.
5p5.7f,2[,4,106107.8
5p5.7f,2[,3,106107.8
5p5.7f,2[,3,106107.8
5p5.7f,2[,2,106107.8
5p5.11s,2[,1,106120.8
5p5.10d,2[,1,106528.
5p5.8f,2[,4,106639.1
5p5.8f,2[,3,106639.1
5p5.8f,2[,3,106639.1
5p5.8f,2[,2,106639.1
5p5.12s,2[,1,106649.6
5p5.11d,2[,1,106929.
5p5.13s,2[,1,107011.7
5p5.12d,2[,1,107209.
5p5.14s,2[,1,107270.5
5p5.13d,2[,1,107415.
5p5.15s,2[,1,107461.7
5p5.14d,2[,1,107571.5
5p5.16s,2[,1,107607.2
5p5.15d,2[,1,107692.4
5p5.17s,2[,1,107720.2
5p5.16d,2[,1,107787.6
5p5.18s,2[,1,107810.0
5p5.17d,2[,1,107864.2
5p5.19s,2[,1,107882.3
5p5.18d,2[,1,107926.5
5p5.20s,2[,1,107941.5
5p5.19d,2[,1,107978.1
5p5.20d,2[,1,108021.3
Xe II (5s2.5p5 2P*<1/2>),Li,,108370.80
5s.5p6.6p,*,1,168985.
5s.5p6.7p,*,1,179266.
5p4.6s.7p,*,1,181567.
5s.5p6.8p,*,1,183123.
5p4.6s.7p,*,1,183763.
5s.5p6.9p,*,1,185000.
5p4.6s.8p,*,1,185415.
5s.5p6.10p,*,1,186060.
5s.5p6.11p,*,1,186724.
5p4.6s.9p,*,1,187063.
5s.5p6.12p,*,1,187171.
5p4.6s.8p,*,1,187498.
5s.5p6.13p,*,1,187498.
5s.5p6.14p,*,1,187702.
5p4.6s.10p,*,1,188193.
5s.5p6.19p,*,1,188249.
5s.5p6.21p,*,1,188349.
5s.5p6.22p,*,1,188384.
5s.5p6.23p,*,1,188416.
5p4.6s.11p,*,1,188914.
5p4.6s.9p,*,1,189243.
5p4.6s.12p,*,1,189376.
5p4.6s.10p,*,1,190197.
5p4.6p.10d,*,1,212558.
5p4.6p.11d,*,1,213038.
5p4.6p.12d,*,1,213370.
5p4.6p.13d,*,1,213607.
5p4.6p.9d,*,1,216920.
5p4.6p.10d,*,1,217543.
5p4.6p.11d,*,1,218041.
5p4.6p.12d,*,1,218322.
5p4.5d.11p,*,1,220099.
5p4.5d.12p,*,1,220546.
5p4.5d.13p,*,1,221068.
5p4.6p.8d,*,1,224411.
5p4.6p.9d,*,1,225362.
5p4.6p.10d,*,1,226035.
5p4.6p.11d,*,1,226521.
5p4.6p.12d,*,1,226752.
5p4.6p.13d,*,1,226968.
5p4.6p.14d,*,1,227102.
5p4.7s.10p,*,1,230234.
5p4.7s.11p,*,1,230787.
5p4.7s.12p,*,1,231315.
5p4.7s.13p,*,1,231723.
5p4.7s.14p,*,1,231879.
5p4.7s.15p,*,1,232072.
5p4.7s.16p,*,1,232218.
5p4.7s.17p,*,1,232315.
5p4.7s.18p,*,1,232391.
