4p6.4d8,3F,4,0
4p6.4d8,3F,2,13140.
4p6.4d8,3F,3,15205.
4p6.4d8,3P,2,26670.
4p6.4d8,3P,0,32210.
4p6.4d8,3P,1,34610.
4p6.4d8,1G,4,40835.
4p6.4d8,1D,2,42900.
4p6.4d8,1S,0,88130.
4p5.4d9,67,3,679572
4p5.4d9,68,2,681023
4p5.4d9,68,4,687020
4p6.4d7.5p,69,4,695376
4p6.4d7.5p,70,3,709285
4p6.4d7.5p,71,4,712223
4p6.4d7.5p,71,3,714855
4p6.4d7.5p,71,2,715730
4p5.4d9,71,3,717330
4p6.4d7.5p,72,2,721001
4p6.4d7.5p,72,5,722439
4p6.4d7.5p,72,4,725053
4p6.4d7.5p,72,3,725825
4p6.4d7.4f,73,4,730235
4p6.4d7.5p,73,5,730345
4p6.4d7.5p,73,4,731458
4p6.4d7.5p,73,3,733755
4p6.4d7.4f,73,4,735246
4p6.4d7.4f,73,5,736077
4p6.4d7.5p,73,4,737388
4p6.4d7.5p,73,5,738248
4p6.4d7.5p,73,3,739322
4p6.4d7.5p,73,4,739542
4p6.4d7.5p,74,5,740348
4p6.4d7.5p,74,2,740757
4p6.4d7.5p,74,3,741800
4p6.4d7.4f,74,5,742430
4p6.4d7.5p,74,1,742594
4p6.4d7.5p,74,4,744537
4p6.4d7.5p,74,3,744955
4p6.4d7.5p,74,1,745470
4p6.4d7.4f,74,3,745762
4p6.4d7.5p,74,3,746445
4p6.4d7.5p,74,2,746552
4p6.4d7.4f,74,1,748644
4p6.4d7.5p,74,3,749351
4p6.4d7.5p,75,2,750512
4p6.4d7.5p,75,3,752054
4p6.4d7.5p,75,1,752155
4p6.4d7.5p,75,4,752285
4p6.4d7.5p,75,5,753352
4p6.4d7.5p,75,2,753795
4p6.4d7.5p,75,1,754745
4p6.4d7.5p,75,3,754860
4p6.4d7.5p,75,4,755831
4p6.4d7.5p,75,4,756016
4p6.4d7.5p,75,2,756170
4p6.4d7.5p,75,1,758337
4p6.4d7.5p,75,3,759110
4p6.4d7.5p,75,5,759260
4p6.4d7.5p,76,1,760950
4p6.4d7.5p,76,3,761266
4p6.4d7.5p,76,2,762105
4p6.4d7.5p,76,4,763070
4p6.4d7.5p,76,2,765052
4p6.4d7.5p,76,1,765770
4p6.4d7.5p,76,2,766625
4p6.4d7.5p,76,3,766860
4p6.4d7.5p,76,5,766947
4p6.4d7.5p,76,1,767369
4p6.4d7.5p,76,5,767700
4p6.4d7.5p,76,3,768773
4p6.4d7.4f,76,2,769217
4p6.4d7.4f,77,4,772875
4p6.4d7.5p,77,2,773315
4p6.4d7.4f,77,4,773363
4p6.4d7.4f,77,5,773519
4p6.4d7.5p,77,3,773715
4p6.4d7.5p,77,4,773968
4p6.4d7.5p,77,5,773968
4p6.4d7.5p,77,1,775030
4p6.4d7.5p,77,3,775570
4p6.4d7.5p,77,4,775775
4p6.4d7.4f,77,3,776253
4p6.4d7.4f,77,4,776787
4p6.4d7.5p,77,1,778350
4p6.4d7.5p,78,3,780503
4p6.4d7.4f,78,2,780805
4p6.4d7.5p,78,2,781822
4p6.4d7.5p,78,1,784035
4p6.4d7.4f,78,3,784826
4p6.4d7.5p,78,2,786580
4p6.4d7.4f,78,1,787403
4p6.4d7.5p,78,2,788145
4p6.4d7.5p,78,1,788396
4p6.4d7.5p,78,3,788465
4p6.4d7.5p,78,5,789029
4p6.4d7.4f,79,3,791395
4p6.4d7.5p,79,1,791805
4p6.4d7.5p,79,0,792311
4p6.4d7.4f,79,2,794365
4p6.4d7.5p,79,3,795135
4p6.4d7.5p,79,2,795995
4p6.4d7.5p,80,3,801225
4p6.4d7.5p,80,2,802905
4p6.4d7.5p,80,1,808130
4p6.4d7.5p,82,3,824474
4p6.4d7.5p,82,2,828875
4p6.4d7.5p,83,1,830260
4p6.4d7.5p,83,3,838289
4p6.4d7.4f,89,4,892420
4p6.4d7.4f,89,3,894941
4p6.4d7.4f,89,5,897383
4p6.4d7.4f,90,1,902577
4p6.4d7.4f,90,2,907711
4p6.4d7.4f,90,3,908390
4p6.4d7.4f,91,4,911082
4p6.4d7.4f,91,2,911665
4p6.4d7.4f,91,3,912600
4p6.4d7.4f,91,1,913877
4p6.4d7.4f,92,3,922295
4p6.4d7.4f,92,2,924500
4p6.4d7.4f,92,1,925010
4p6.4d7.4f,92,4,925626
4p6.4d7.4f,93,1,931420
4p6.4d7.4f,93,0,933343
4p6.4d7.4f,93,3,935035
4p6.4d7.4f,93,5,938628
4p5.4d9,94,2,944705
4p6.4d7.4f,94,1,947660
4p5.4d9,95,2,951795
4p5.4d9,95,3,957488
4p6.4d7.4f,98,1,989020
Xe XII (4d7 4F<9/2>),Li,,1847200
