2p6,1S,0,0
2p5.<3/2>3s<1/2>,(3,2,33957000
2p5.<3/2>3s<1/2>,(3,1,34001000
2p5.<3/2>3p<1/2>,(3,1,34688000
2p5.<3/2>3p<1/2>,(3,2,34723000
2p5.<3/2>3p<3/2>,(3,3,35367000
2p5.<3/2>3p<3/2>,(3,1,35387000
2p5.<3/2>3p<3/2>,(3,2,35479000
2p5.<3/2>3d<3/2>,(3,1,36307000
2p5.<3/2>3d<3/2>,(3,2,36360000
2p5.<3/2>3d<5/2>,(3,4,36443000
2p5.<3/2>3d<5/2>,(3,2,36480000
2p5.<1/2>3s<1/2>,(1,1,36646000
2p5.<3/2>3d<5/2>,(3,1,36761000
2p5.<1/2>3p<1/2>,(1,1,37376000
2p5.<1/2>3p<3/2>,(1,1,38069000
2p5.<1/2>3p<3/2>,(1,2,38137000
2p5.<1/2>3d<3/2>,(1,2,39005000
2p5.<1/2>3d<3/2>,(1,1,39177000
2s<1/2>3p<1/2>,(1,1,39917000
2s<1/2>3p<3/2>,(1,2,40603000
2s<1/2>3p<3/2>,(1,1,40649000
2s<1/2>3d<3/2>,(1,1,41506000
2s<1/2>3d<3/2>,(1,2,41545000
2s<1/2>3d<5/2>,(1,2,41769000
2p5.<3/2>4d<5/2>,(3,1,47717000
Xe XLVI (2p5 2P*<3/2>),Li,,61782000
